Inserting:
855800,1
21500,9
1100,9
1400,17
4000,34
1100,17
1200,17
1400,25
1400,25
1300,25
2300,42
4200,42
1600,25
2800,49
3400,33
1700,33
3000,57
1700,33
5400,57
1800,33
1600,33
1700,33
2600,50
2100,41
4500,50
2100,41
2600,50
3900,58
2400,33
5700,50
2100,41
3100,57
2100,41
3800,41
3100,65
2800,50
1900,41
3000,50
1800,41
2700,41
2500,58
2000,49
1700,41
2300,58
1900,49
2600,65
2300,58
2300,49
2200,49
1700,41
2000,49
1900,49
1700,41
1800,49
1700,41
2200,50
3400,65
2000,49
2400,58
2300,58
1800,41
1900,49
1600,41
2600,66
1800,49
1700,41
2600,66
57700,66
3300,66
2000,49
4000,49
3200,73
3000,73
2800,73
1900,49
2700,66
2200,49
5700,49
2800,66
3000,73
3000,73
6600,73
3000,73
1900,49
2300,49
2900,73
1900,49
2700,66
2200,57
1900,49
2600,66
3300,73
2800,65
2300,57
2000,49
5500,73
18600,66
2900,66
1600,49
2000,57
1500,49
1800,57
1500,49
2100,57
1500,49
1700,57
2600,73
1600,49
2600,81
1700,57
1800,57
2300,74
2600,81
1700,49
2900,81
2900,81
2200,66
2400,73
2100,66
2400,73
1700,57
2300,74
1800,57
2000,57
2500,73
1800,57
2600,73
2400,57
1700,57
1700,57
2200,66
2900,81
2900,81
1800,57
2200,57
2300,74
10400,57
8500,81
1500,57
4900,74
1500,57
1500,57
1600,49
8300,81
1900,74
1900,66
1700,66
1900,74
1600,65
1400,57
1900,66
2000,74
2000,74
1500,57
1900,66
1500,57
2300,65
1000,57
1100,57
1000,57
1200,74
1000,57
1600,89
800,49
1300,82
800,49
1400,81
1300,57
1200,74
1300,81
900,65
1300,89
1000,65
1800,89
1500,74
1200,74
1700,81
1000,65
5500,81
1100,57
700,65
800,57
900,65
800,82
800,81
6300,74
800,65
400,65
700,74
900,74
1000,81
500,65
2600,81
400,57
700,74
700,57
800,81
1000,65
600,65
400,65
400,57
1100,81
1100,89
600,74
300,65
800,81
400,49
400,65
300,65
600,81
400,73
400,57
900,89
700,81
1100,89
700,57
700,82
700,81
600,82
400,73
700,74
700,66
300,49
700,74
700,82
600,81
400,57
400,57
700,73
400,65
400,65
600,57
300,57
700,73
400,65
1100,82
800,74
400,57
400,65
400,65
800,89
800,82
400,65
900,89
400,73
600,74
400,65
400,65
400,65
400,65
400,65
400,73
800,89
400,73
1000,89
800,57
800,82
600,74
400,73
700,89
600,74
700,74
1000,81
800,65
1000,81
900,89
400,73
400,65
500,65
400,65
400,73
600,74
400,73
400,65
400,65
400,73
300,49
400,73
600,97
600,74
600,90
600,82
400,65
400,65
300,49
700,97
800,89
600,82
700,73
500,82
700,97
400,65
700,89
400,65
400,65
700,97
400,65
500,74
400,73
400,65
600,81
600,82
600,82
900,57
1800,82
400,57
400,57
900,81
1400,74
500,65
500,73
800,82
1500,89
700,90
400,73
400,65
700,90
400,57
400,73
700,89
600,82
2500,73
600,90
800,97
700,82
600,82
700,89
700,81
400,73
400,65
600,82
400,65
400,73
700,82
400,57
300,57
600,81
1100,65
800,97
700,89
400,73
300,65
400,65
600,82
400,73
700,65
800,73
1400,82
500,65
400,65
400,65
400,65
900,89
1900,82
400,57
400,65
400,65
500,65
400,65
300,65
600,82
800,97
700,89
600,90
600,74
600,90
600,90
600,74
600,90
400,65
500,82
400,73
700,89
700,82
700,89
400,73
400,57
400,65
700,82
400,73
900,97
600,90
400,65
1000,89
400,73
400,81
400,65
300,57
800,97
500,73
400,73
700,81
400,73
600,66
400,65
400,81
400,65
300,57
600,66
700,97
600,82
600,89
700,89
600,98
800,89
800,66
500,73
300,65
500,81
1000,74
500,73
700,90
800,97
800,73
500,73
500,73
600,90
500,73
500,73
300,57
800,97
500,65
500,73
600,98
600,90
700,97
500,90
500,90
400,65
400,65
500,73
400,73
1200,97
800,89
800,97
600,82
600,82
600,82
700,90
800,97
1000,73
1100,89
800,73
600,73
400,65
400,73
400,65
1100,97
500,65
400,81
400,73
500,81
1800,73
500,81
400,73
500,73
600,81
600,73
1000,73
600,73
500,73
400,73
800,82
400,65
500,65
500,81
400,81
1800,57
400,65
400,65
400,73
500,65
700,82
300,65
1000,89
600,90
400,73
700,90
800,89
600,90
500,73
800,97
800,89
400,65
400,57
800,89
600,73
600,90
400,81
400,73
400,73
400,73
400,81
400,73
400,73
400,65
1500,82
800,97
400,81
700,90
400,73
500,73
400,73
600,98
400,65
400,65
3200,81
2100,82
600,65
500,65
500,73
3700,81
1100,82
500,65
600,81
500,65
900,82
500,73
400,73
800,81
500,81
1100,89
1200,89
600,73
1300,97
1000,105
900,97
1000,97
600,81
900,90
500,81
900,82
800,90
600,73
700,65
500,73
1000,73
1300,97
900,97
900,97
700,97
400,81
700,89
900,90
400,73
700,105
500,73
600,98
600,65
700,57
500,81
600,81
700,65
2300,89
1300,90
800,65
700,81
700,65
600,65
1300,89
800,81
600,73
500,73
600,81
3200,105
900,98
600,81
1400,90
600,65
700,73
700,73
1000,97
600,81
800,98
800,82
700,74
1300,97
700,65
1200,73
700,73
1100,90
700,81
500,81
800,89
900,90
500,73
1100,97
800,81
800,82
600,81
700,65
1200,82
800,73
1000,90
2600,65
1300,97
700,82
600,82
800,98
800,89
700,97
11400,97
700,81
600,81
1100,97
600,73
1000,97
700,81
1300,90
5700,73
1300,90
2900,89
700,73
900,98
1400,65
1300,97
1100,105
700,73
2400,90
800,65
1000,105
1100,90
900,89
600,73
500,73
600,65
800,89
1500,89
900,81
1500,81
700,65
600,89
800,81
1200,97
1200,105
700,73
1000,73
800,73
900,73
1800,81
1400,90
800,81
1300,90
1100,82
1100,98
1300,97
1200,89
1100,65
1300,97
800,81
700,73
1300,98
1100,65
1300,113
1400,97
800,81
900,74
1200,105
500,57
1000,81
1100,90
1100,73
1100,97
800,81
3600,90
900,65
1400,73
1100,97
1400,90
1600,90
1300,73
11200,98
1100,73
2000,97
1100,82
900,73
900,73
1000,81
1400,97
1000,97
900,73
1600,105
2000,81
1200,105
1100,98
5800,105
600,65
900,73
1300,105
1100,90
1200,73
1100,81
1300,82
1100,81
800,73
900,97
1100,81
900,81
700,90
800,65
800,73
400,73
1200,82
900,81
700,81
1500,97
500,73
800,97
17400,90
1000,81
1100,105
700,82
800,90
800,89
1100,82
900,89
900,105
300,73
300,81
900,73
500,73
300,73
500,81
500,82
1100,90
600,81
800,89
700,81
500,90
700,97
800,97
700,97
700,73
500,73
600,81
600,81
600,73
600,73
1200,90
600,89
800,90
500,98
600,65
700,81
400,73
700,105
400,81
700,73
900,81
600,97
300,81
500,81
600,90
300,73
900,97
600,73
400,73
900,97
600,82
1000,73
800,97
600,82
800,98
400,81
500,73
300,73
300,81
2000,81
900,81
1500,105
900,73
500,73
500,73
1000,90
1000,97
600,73
900,105
1200,89
700,65
900,90
700,81
800,97
800,81
700,98
600,90
700,82
1000,105
800,90
800,73
600,105
800,105
600,81
400,65
700,82
700,81
600,81
600,73
700,90
1000,73
400,73
500,73
700,81
400,89
500,90
400,73
400,73
500,73
400,65
500,98
800,89
500,73
600,113
700,97
400,81
300,81
400,81
300,81
300,73
500,90
600,105
600,89
400,89
1300,105
400,81
700,90
600,90
600,97
600,90
900,90
600,105
800,81
600,90
400,73
400,89
400,81
400,73
600,82
400,89
400,89
700,105
500,73
700,97
700,90
600,81
600,106
400,81
300,81
300,73
300,81
800,113
300,81
1000,97
1000,105
800,105
600,105
300,81
400,73
700,73
300,81
600,73
400,73
500,98
400,81
400,73
600,73
600,105
600,105
300,81
800,105
500,73
400,89
400,73
200,65
600,82
400,89
900,105
600,65
400,98
400,73
400,81
600,73
500,106
600,97
1600,98
400,81
300,89
600,81
700,82
500,73
700,105
300,65
7900,98
400,73
500,73
300,81
800,73
400,73
400,81
600,90
500,89
1800,73
700,98
600,73
400,89
800,97
400,81
800,98
600,113
300,89
700,105
600,98
300,81
600,97
500,98
400,81
400,65
300,89
600,105
800,97
600,89
700,105
300,81
400,73
300,73
300,73
500,97
300,81
600,97
400,89
600,97
300,73
300,81
600,98
300,81
300,73
600,81
500,105
600,105
400,89
300,73
700,97
400,89
300,73
700,98
300,73
500,106
300,81
400,89
500,113
300,81
500,105
500,106
300,81
400,73
500,81
500,98
600,81
600,65
300,81
300,81
500,98
300,73
600,97
500,105
300,81
300,73
400,81
400,81
300,73
800,97
500,105
300,81
400,81
300,81
400,98
300,73
300,81
600,97
300,73
600,90
600,105
700,81
400,73
500,98
400,98
500,98
600,81
300,89
500,82
300,81
300,89
500,82
600,113
300,81
300,89
500,90
400,89
600,106
700,105
400,73
300,81
300,81
300,81
500,98
600,105
500,90
400,73
400,81
500,98
300,73
500,97
500,97
300,81
300,81
600,97
500,98
400,90
400,89
500,98
700,113
600,82
400,90
300,81
1800,73
700,98
500,98
300,89
400,81
300,89
300,81
600,97
600,106
400,81
300,73
500,106
300,73
300,73
400,81
500,90
400,89
500,81
200,73
500,98
300,81
500,106
500,105
300,73
500,90
500,98
600,105
600,97
300,81
400,81
600,105
300,73
500,90
500,105
500,90
600,113
600,105
300,89
300,81
300,89
300,81
400,90
500,81
400,73
400,73
400,89
300,73
500,98
300,89
600,97
400,81
500,98
400,98
400,81
700,97
600,105
600,89
400,89
600,89
700,105
300,57
300,89
300,81
500,98
400,81
300,89
300,81
300,73
300,73
400,89
300,73
500,105
500,89
300,89
400,65
400,89
300,81
400,90
500,98
300,81
300,89
300,73
300,81
1000,98
400,81
300,89
500,106
600,105
700,105
300,81
1100,90
500,65
800,106
500,89
300,73
1100,105
600,90
300,89
600,81
500,81
400,89
500,98
500,82
500,81
400,81
800,105
700,97
400,73
300,81
400,98
500,98
600,105
500,89
300,89
700,98
600,105
500,89
600,106
500,89
400,89
400,73
300,81
400,106
200,81
500,98
400,98
700,97
500,97
600,81
300,81
900,97
500,98
300,81
1300,81
600,89
600,113
400,89
400,89
500,106
400,73
400,73
700,97
600,113
500,98
1100,105
400,73
400,73
500,105
700,113
600,105
1700,98
300,81
800,105
300,81
600,97
500,73
600,81
400,106
300,81
400,81
300,73
300,73
700,90
700,97
600,97
600,113
400,89
1300,73
700,97
300,81
500,105
800,105
400,81
500,90
400,81
500,81
600,105
300,81
1300,97
500,81
800,113
700,81
400,73
700,105
600,90
500,90
300,73
1000,81
400,81
500,90
500,90
400,73
500,90
400,89
400,89
500,81
300,81
700,106
400,81
300,73
400,81
700,105
400,73
500,81
600,105
500,105
600,65
400,81
400,89
300,73
500,98
500,98
400,81
400,81
600,89
700,113
500,105
500,106
300,89
400,89
600,81
500,90
300,73
800,98
400,73
400,81
300,73
800,97
400,81
800,90
600,73
200,81
600,81
1300,105
300,73
700,113
300,81
600,73
600,90
600,98
600,97
10900,98
500,90
500,98
300,81
7900,105
200,73
300,81
500,106
3800,106
300,81
300,89
200,81
500,106
600,89
6200,113
700,97
300,89
300,89
500,106
700,105
300,81
300,81
200,89
400,90
700,113
500,113
300,89
200,81
300,73
400,98
300,89
300,81
500,97
400,81
300,89
400,89
400,90
500,98
200,73
200,89
300,81
700,105
500,105
700,105
200,81
400,106
400,106
300,65
400,97
300,81
300,81
300,89
300,81
400,98
300,98
300,81
400,89
300,73
300,89
500,113
700,113
400,98
300,73
500,97
400,98
300,89
300,89
500,105
400,89
500,113
500,106
300,81
300,89
400,98
400,106
400,81
500,105
300,73
300,82
600,113
300,81
300,81
600,73
600,89
500,105
300,89
300,81
400,106
300,81
200,81
400,98
400,106
600,105
500,113
400,73
400,73
400,89
200,81
500,105
400,98
500,105
400,106
500,89
500,97
500,105
400,106
400,106
500,97
400,106
400,98
300,89
800,105
300,81
300,98
300,81
400,98
300,89
500,105
300,89
500,106
200,89
600,105
400,106
500,97
500,105
500,106
300,81
400,105
400,106
400,89
300,89
300,89
200,89
300,81
400,82
600,121
400,89
200,89
400,98
400,81
200,89
400,81
300,89
600,106
400,81
400,106
300,81
500,113
400,82
300,89
400,81
600,89
500,113
200,81
400,106
200,89
500,81
300,81
600,113
300,97
200,89
400,90
400,90
500,98
600,105
200,81
300,89
300,89
400,89
300,89
300,81
500,113
300,89
300,81
300,81
200,89
400,113
500,98
500,113
200,81
400,106
400,106
300,81
200,89
500,113
400,98
500,113
500,105
300,81
1000,105
300,81
700,106
200,81
300,81
400,105
500,98
400,90
800,113
500,113
300,89
300,81
600,113
400,106
500,113
300,81
300,81
300,89
500,113
400,73
300,89
300,81
400,114
300,89
500,105
200,81
500,113
300,89
400,98
600,97
400,90
500,105
300,89
300,89
200,89
500,106
300,89
500,106
200,89
600,106
600,98
500,98
500,113
500,121
500,98
400,113
300,89
500,113
300,89
400,81
400,106
500,97
300,81
400,73
600,113
300,89
200,81
400,113
500,106
400,81
300,81
600,113
500,105
400,98
400,81
700,90
400,106
200,81
200,81
400,106
200,89
500,106
400,89
400,81
300,81
300,81
500,113
200,81
300,89
500,113
300,81
200,81
500,81
500,106
300,89
300,89
600,105
500,98
300,81
200,81
400,106
300,89
300,81
300,89
300,89
1600,106
300,81
300,73
600,113
400,98
300,89
1000,105
300,81
200,89
300,81
600,113
500,113
300,97
500,97
500,105
300,89
300,89
500,106
600,105
400,106
500,105
300,89
300,81
200,81
500,105
300,81
300,89
300,89
400,106
300,89
300,81
500,105
500,105
400,81
1400,114
800,105
300,89
300,89
500,106
300,81
500,81
300,89
300,89
600,105
600,97
300,89
200,81
500,105
200,81
300,73
400,106
1700,105
400,98
300,81
200,89
500,106
700,105
600,113
400,81
500,89
200,73
200,81
400,98
300,81
300,73
400,98
800,106
200,81
1500,97
300,81
400,114
300,81
500,105
400,98
500,105
300,89
400,98
300,89
400,106
300,81
400,106
300,81
300,89
800,113
300,81
1400,105
600,113
500,106
500,105
600,113
300,81
300,81
300,89
300,89
300,89
200,65
300,89
400,98
600,113
600,105
500,98
400,106
1400,98
300,89
200,89
400,98
500,105
400,98
400,106
200,81
400,98
600,113
300,90
200,81
500,105
600,98
600,106
300,73
500,106
500,106
600,113
300,73
500,106
500,97
500,98
300,73
300,89
200,97
400,106
300,89
400,105
300,89
600,105
200,81
200,89
300,81
400,98
300,89
400,106
500,97
400,98
200,89
500,81
400,98
300,89
500,121
400,98
400,98
400,105
300,89
400,106
300,97
200,81
400,98
500,113
400,105
400,106
300,97
400,106
300,81
600,113
300,89
300,89
300,89
300,81
200,81
500,113
200,89
400,106
300,97
200,81
300,97
300,97
300,89
300,81
500,105
300,89
300,81
400,106
300,97
200,89
200,81
200,89
500,105
300,97
500,97
600,113
500,113
400,106
300,81
500,97
200,89
200,89
600,105
300,98
400,90
400,98
300,89
300,89
300,81
500,106
500,97
500,105
1500,105
300,89
400,89
500,114
300,89
500,113
200,73
200,81
300,89
500,105
300,89
600,98
400,106
300,81
200,81
400,81
600,113
300,89
200,89
300,81
500,105
200,89
300,97
400,98
700,106
800,89
500,113
300,89
600,113
300,89
200,89
300,81
400,106
300,97
300,89
200,97
400,114
600,105
300,89
300,97
600,113
500,105
500,105
200,89
500,105
600,106
400,106
300,89
400,106
400,98
300,89
500,106
400,89
200,89
300,89
200,81
300,81
200,97
500,105
200,89
200,89
400,106
500,105
400,89
300,81
300,89
200,89
500,113
500,105
300,81
500,98
600,105
300,89
200,81
300,97
300,89
500,82
300,81
700,105
400,98
300,97
500,105
300,73
400,106
200,97
600,98
200,89
600,98
300,81
600,98
300,81
800,113
300,81
400,106
300,97
500,113
400,106
300,81
500,81
400,97
200,81
400,98
300,89
500,90
300,89
300,81
300,89
400,98
800,113
300,97
400,98
600,98
500,121
300,89
300,89
400,89
200,73
500,90
300,73
300,89
400,98
400,114
300,89
500,113
300,81
300,89
600,105
500,105
500,89
400,98
200,97
200,81
500,105
300,97
800,105
600,98
400,106
200,81
200,89
200,89
300,89
300,89
300,81
300,89
300,81
300,97
300,89
300,89
500,121
500,106
300,97
200,97
300,89
500,98
300,81
300,89
200,89
300,81
200,89
200,89
700,105
300,89
300,81
300,81
600,113
300,89
400,114
300,89
600,106
400,89
300,89
200,81
400,81
400,97
300,97
200,81
600,105
200,97
600,113
600,105
400,89
500,98
500,105
300,97
600,105
700,105
200,89
1400,97
400,89
200,81
400,98
1000,105
400,98
900,105
300,98
500,106
600,113
600,113
300,89
300,89
200,89
400,89
400,89
300,81
1200,81
200,89
300,97
300,97
300,73
300,89
400,90
300,89
4400,106
1300,89
1400,105
1400,98
800,81
900,89
1100,97
800,89
1100,106
1100,121
600,81
900,89
800,89
1000,98
1000,98
900,113
2300,81
700,89
500,97
900,106
1000,106
900,106
600,89
700,89
800,89
600,89
400,89
600,89
400,97
700,90
500,89
600,81
200,89
700,97
800,106
900,105
1100,105
200,89
1000,106
500,114
400,106
300,81
600,89
700,89
700,89
800,113
900,113
500,89
500,81
800,105
700,98
400,81
400,106
1000,106
600,81
900,106
2500,113
700,106
500,113
800,105
1000,98
600,89
500,89
500,106
300,89
900,89
800,113
900,121
400,89
700,113
1000,113
400,113
800,113
400,98
200,81
400,89
500,106
400,89
900,105
600,106
600,89
500,81
400,89
500,89
1100,113
900,98
800,98
400,81
700,113
500,89
500,81
700,105
500,97
300,89
400,81
400,73
600,97
700,89
800,113
500,89
500,89
400,98
1300,106
600,89
500,89
700,89
600,89
1400,98
1400,113
500,81
300,89
500,97
900,106
500,89
900,113
1100,98
800,106
400,81
300,89
700,113
500,106
1100,105
900,98
400,89
300,89
700,89
900,114
800,105
500,81
500,81
400,89
600,97
700,97
500,105
400,89
900,106
400,106
500,106
600,89
500,106
600,113
600,121
600,113
700,97
400,89
800,105
500,73
400,106
700,113
1400,98
500,113
700,98
500,81
300,89
900,106
800,97
400,89
400,89
700,113
700,98
700,97
600,105
600,113
500,97
300,81
700,106
800,106
400,97
300,97
500,97
700,106
1000,98
600,97
500,89
500,89
900,81
500,89
500,89
600,113
500,97
600,81
600,98
800,105
400,89
500,105
800,106
1000,98
800,105
800,106
900,98
1000,105
800,98
900,113
300,97
600,89
500,97
700,113
400,81
600,89
700,106
500,113
500,97
700,113
600,105
500,89
900,106
600,89
500,113
700,98
600,81
300,89
300,81
800,98
800,106
400,106
400,106
400,98
600,113
400,89
600,81
1000,105
700,106
600,81
300,89
700,113
600,106
400,89
400,81
500,81
900,114
400,89
700,113
800,98
500,89
600,89
700,89
300,97
300,97
800,89
400,89
600,98
400,89
600,89
300,81
600,105
700,113
300,97
600,113
600,113
600,98
800,89
700,105
500,105
500,97
300,89
600,81
500,97
200,97
200,89
700,113
600,106
500,81
800,89
1200,106
1100,105
1000,113
600,113
600,98
400,89
700,114
300,81
300,89
300,89
600,98
600,97
800,98
800,106
600,89
500,81
500,89
600,113
400,97
500,81
500,89
500,97
600,113
800,106
800,98
400,97
600,89
700,121
500,97
400,89
800,113
600,89
500,98
800,113
700,114
400,106
400,89
700,113
300,106
1200,105
500,121
500,97
400,89
400,81
500,89
500,113
600,89
800,90
600,98
1200,97
700,121
1400,97
600,114
900,113
600,97
700,89
900,121
500,89
600,89
300,89
900,113
700,105
700,113
600,89
400,97
400,81
700,106
500,113
500,89
8500,114
400,89
700,89
400,81
1000,105
400,89
300,81
1100,121
800,106
400,89
700,113
400,81
300,89
700,105
600,97
400,89
800,106
500,97
500,81
300,89
500,81
600,81
800,113
900,98
300,98
500,89
500,81
1000,105
700,97
700,121
500,89
700,113
500,81
900,106
600,97
600,89
600,105
1000,113
400,97
1000,113
500,113
1000,121
300,89
700,105
500,73
500,89
700,97
300,89
600,113
400,81
3800,121
500,89
900,113
700,97
600,97
600,89
600,114
700,113
300,97
700,89
600,97
600,89
500,113
300,89
1000,113
700,81
400,106
500,89
300,89
600,113
700,106
700,113
600,89
500,97
800,106
500,89
300,89
300,89
600,113
600,114
400,97
700,113
600,113
500,89
500,114
700,97
500,121
500,113
800,121
600,89
1100,89
500,98
500,97
600,121
700,106
300,89
1000,113
300,97
500,105
300,89
300,81
900,106
500,106
400,73
700,106
400,97
400,97
400,89
900,106
300,89
900,106
300,89
300,97
500,98
400,89
700,106
500,89
900,105
600,106
300,97
700,114
3700,81
500,114
400,81
400,114
700,89
500,81
800,114
300,89
500,106
1800,89
1400,106
600,89
600,97
500,89
400,89
700,97
800,97
1500,113
600,105
800,105
500,89
1000,81
600,81
500,89
600,89
1100,113
1800,89
1200,113
1000,98
900,105
700,97
800,81
700,97
500,89
800,113
400,97
1000,81
800,113
800,89
1300,98
1200,113
400,89
600,113
1000,81
500,89
900,97
900,81
700,105
600,97
800,106
600,97
800,97
1200,113
1600,113
600,97
1100,106
600,73
600,97
1200,113
500,98
1500,105
700,81
1100,106
1000,97
700,97
600,89
800,98
800,81
500,89
500,97
600,89
1000,105
1200,89
1200,121
700,98
1400,89
800,81
800,89
600,97
800,89
1000,105
1600,105
1200,113
1000,89
1100,113
700,98
400,89
900,97
600,97
800,89
500,97
800,97
900,106
1000,97
800,89
1300,114
1300,113
1100,98
800,97
300,97
900,89
900,121
900,97
1200,114
400,97
800,98
800,89
1100,105
1400,89
700,81
1000,89
1100,98
2200,97
1100,114
700,114
1100,113
1300,89
700,89
600,89
900,106
800,89
500,106
600,89
900,105
500,89
600,89
500,89
900,113
600,81
1000,113
500,89
1100,113
1100,121
600,97
1300,114
600,97
1000,81
900,106
700,106
900,106
800,105
1000,98
500,81
1100,98
1000,113
1200,121
800,106
500,89
800,122
500,89
700,97
1100,113
800,89
1000,106
300,89
800,106
600,81
600,89
700,97
1200,97
500,113
600,89
800,114
400,114
500,113
500,106
700,89
600,97
300,97
300,89
400,81
800,105
700,113
700,98
1000,113
400,81
500,89
600,114
600,81
500,89
500,106
600,106
800,98
600,89
400,89
600,89
600,106
700,105
400,106
1000,81
700,113
600,105
700,89
700,106
800,113
1000,98
700,113
1100,121
700,105
1000,113
500,81
600,114
500,89
800,106
400,97
600,97
600,97
800,113
500,114
300,89
900,89
500,113
700,113
800,105
300,89
700,97
500,89
1000,113
700,106
400,89
400,106
500,89
500,113
400,89
600,113
1000,106
500,106
800,97
600,89
600,105
500,105
1100,121
200,89
300,97
500,97
400,97
400,114
400,89
200,89
500,105
600,89
300,89
700,98
500,97
700,89
600,98
700,106
500,114
500,89
200,81
400,89
500,97
800,97
300,81
700,106
1000,106
1000,121
500,81
500,121
600,89
800,98
400,113
1000,97
800,106
400,89
700,106
600,98
700,105
600,105
200,97
500,113
1200,106
600,105
600,106
700,105
800,121
800,97
600,121
400,97
1000,121
500,97
600,81
400,89
700,89
500,106
700,106
500,89
500,97
1100,121
700,105
200,89
800,113
600,121
700,121
800,121
500,97
500,89
400,106
500,106
700,97
300,73
600,114
400,114
700,89
600,121
200,97
400,106
600,89
200,89
300,97
900,105
600,89
600,97
400,81
300,97
700,105
200,105
700,105
500,97
300,89
400,89
500,106
600,106
600,113
200,89
500,81
500,106
800,121
400,114
500,89
300,89
600,89
600,89
500,97
400,97
600,121
500,89
1000,97
600,89
400,89
500,105
300,81
700,121
500,89
900,106
500,113
400,114
600,105
300,97
500,113
500,114
600,106
300,81
800,106
400,106
1100,113
500,106
700,113
500,113
700,98
500,81
1100,114
300,97
400,81
1100,113
500,97
400,89
500,97
500,106
200,97
300,97
500,114
300,89
300,105
400,106
400,89
400,90
500,105
500,113
400,97
500,106
400,81
700,113
300,89
200,81
300,89
500,106
300,89
400,106
500,81
300,89
700,90
800,106
400,81
400,89
400,81
400,89
200,73
200,97
500,89
500,113
700,98
400,114
800,121
200,97
300,97
600,106
700,98
500,97
500,121
600,105
400,97
300,89
400,89
400,114
400,106
600,106
700,121
800,106
800,97
200,105
300,105
400,97
400,97
800,105
400,89
400,89
500,121
500,98
600,113
600,113
500,98
600,114
600,106
500,106
200,89
200,89
600,97
600,113
800,106
600,98
600,89
400,97
300,97
600,113
300,97
500,113
400,81
700,113
400,89
500,106
400,97
400,97
600,113
600,89
700,113
200,97
400,97
500,114
300,89
400,98
300,89
600,98
500,114
400,105
300,114
300,97
700,113
600,98
500,129
300,105
700,106
300,89
400,122
300,97
500,113
700,114
400,114
400,81
500,106
300,97
600,89
300,97
600,106
400,97
500,121
400,114
300,89
500,89
400,114
400,97
300,97
400,97
500,113
700,106
600,81
600,113
500,122
400,106
300,89
400,106
900,105
600,113
500,89
700,113
600,98
300,89
300,89
700,114
500,106
400,106
200,97
1100,106
600,89
400,89
500,106
1000,114
600,97
300,89
200,89
300,89
500,113
700,121
200,89
500,121
400,90
400,106
700,97
400,89
300,89
500,97
500,97
400,89
700,106
600,105
400,89
400,106
400,114
300,89
600,114
300,97
400,81
400,106
400,81
800,113
400,121
200,89
300,89
500,106
600,114
200,81
600,114
700,89
400,73
600,121
200,97
400,97
400,89
500,89
400,97
3800,89
600,89
400,114
500,97
700,129
600,114
600,121
600,98
400,89
400,89
500,81
200,97
500,113
400,98
200,89
300,89
400,122
400,114
600,97
700,114
300,89
300,89
200,97
3500,114
500,97
500,129
800,121
400,114
500,97
300,114
1000,113
400,98
1300,105
400,114
800,106
300,89
500,113
600,106
1000,106
700,81
400,89
600,121
500,106
800,113
700,121
500,106
500,114
300,97
300,89
200,89
400,89
1200,121
400,97
300,105
500,97
400,106
600,122
600,89
400,97
300,89
800,113
600,81
500,89
500,113
600,106
600,98
500,113
600,121
700,114
700,98
500,114
500,89
500,81
400,97
400,122
1100,113
300,89
500,106
400,89
500,105
500,89
600,97
300,89
700,106
700,114
200,89
600,89
500,113
400,114
400,106
400,114
300,89
500,106
300,97
600,106
400,89
1000,97
400,114
600,113
500,89
500,105
1900,113
1100,114
5300,114
300,89
500,97
500,129
400,106
500,114
300,89
300,81
700,114
400,97
200,97
300,89
200,89
500,105
400,106
800,97
400,89
800,97
600,113
400,98
200,81
500,97
600,89
400,106
300,97
400,89
500,113
300,89
1000,113
500,106
600,121
600,113
400,113
400,113
400,97
500,114
400,113
200,97
500,113
1000,105
1000,97
500,113
500,97
400,105
500,97
300,97
500,89
300,97
300,97
300,105
700,106
400,106
600,113
500,113
400,97
400,89
400,97
200,89
400,98
500,89
300,89
200,89
300,89
300,97
200,89
1300,106
1200,113
5600,114
400,97
1200,113
300,97
500,113
300,97
500,97
500,97
500,121
500,89
200,97
400,106
200,97
300,97
300,89
400,121
300,121
600,121
500,113
300,89
300,121
600,98
600,97
500,106
200,106
300,106
400,81
500,106
400,89
400,89
400,121
400,97
300,89
300,105
400,89
200,97
300,113
600,97
400,97
300,106
300,81
500,81
500,106
300,114
300,121
600,89
400,114
400,121
300,97
600,89
500,89
200,89
400,89
500,113
500,89
300,89
500,97
400,113
300,89
500,114
300,89
200,97
400,106
200,106
400,97
400,129
400,97
200,121
400,113
500,97
400,97
300,81
200,121
300,114
300,89
400,105
400,105
400,90
300,105
300,98
500,113
400,89
500,98
400,89
300,113
400,98
300,105
300,114
400,113
300,97
300,89
400,89
300,89
500,114
400,89
500,114
300,106
400,113
300,114
500,106
300,97
600,89
200,81
400,89
600,89
300,81
200,89
300,97
400,89
300,105
300,105
300,105
800,114
200,89
300,89
600,121
300,89
1300,113
400,81
200,97
400,121
400,105
400,81
300,105
300,106
200,97
300,89
600,106
200,97
300,113
600,106
200,97
700,113
300,114
1400,114
500,121
300,89
300,89
300,97
300,106
800,106
200,114
300,89
500,106
400,89
300,129
300,89
400,113
500,113
300,89
400,89
1200,89
300,89
300,113
300,121
300,106
200,97
800,97
300,106
200,106
500,105
300,81
400,121
200,89
400,89
600,89
200,97
400,105
1500,106
500,89
300,113
200,89
400,89
600,97
200,89
700,113
300,89
500,106
400,81
600,121
200,105
600,114
400,97
500,89
300,97
1100,97
500,114
200,89
300,89
300,97
300,97
300,122
400,89
400,113
300,121
500,97
300,121
300,97
500,121
400,113
400,106
300,114
500,97
700,97
500,121
800,113
200,89
600,121
400,97
500,97
400,97
300,97
300,105
300,97
400,114
300,121
300,97
500,89
300,106
500,114
400,113
300,97
500,106
300,106
500,121
400,89
400,97
300,97
400,89
300,97
500,106
300,113
700,121
400,81
300,114
300,97
600,121
200,106
300,113
300,97
300,89
300,121
300,89
600,89
200,97
400,114
400,129
300,97
300,114
200,122
300,97
300,89
600,81
500,121
400,105
300,105
400,97
600,114
300,81
500,106
400,105
600,81
400,106
200,105
300,97
200,105
500,89
400,114
400,97
400,106
500,113
300,121
300,81
300,113
400,89
400,113
300,97
600,121
300,114
200,97
500,89
600,89
400,106
400,121
900,97
400,105
300,97
300,97
500,106
400,114
500,121
500,121
500,97
300,121
200,106
300,114
500,114
200,121
400,89
900,89
400,97
300,113
300,121
400,97
300,114
300,106
400,105
400,89
300,105
400,106
300,97
400,97
600,121
300,89
600,106
400,89
600,106
400,129
300,89
200,106
400,81
300,114
400,97
400,121
200,121
500,105
700,121
500,113
300,97
900,97
600,121
700,114
300,105
400,89
400,105
500,106
300,114
600,97
300,121
400,89
400,114
300,105
300,129
300,97
300,97
200,97
300,105
300,106
200,89
400,105
400,106
300,97
500,97
300,105
300,89
300,113
500,113
600,121
300,97
400,105
500,113
200,121
200,106
300,97
600,114
500,97
500,105
300,105
300,105
400,89
200,106
200,89
500,97
300,97
700,106
400,106
300,89
300,106
500,97
400,121
300,89
500,106
400,97
400,105
300,114
300,121
900,97
300,97
300,121
600,89
300,89
400,106
400,89
300,97
500,106
400,106
200,97
400,97
200,105
300,121
300,89
400,105
400,97
300,105
500,121
400,114
300,114
300,106
300,97
200,105
600,121
400,97
200,97
300,114
400,81
700,114
600,81
200,89
200,105
300,97
500,106
300,97
200,113
300,106
1700,121
400,89
300,89
400,114
400,97
300,97
300,114
200,97
400,105
600,97
300,81
200,97
700,106
700,97
500,106
200,97
400,97
1300,97
300,114
300,89
300,106
400,97
600,121
400,81
400,114
400,97
500,113
500,106
400,89
300,106
200,97
400,89
600,105
400,89
1200,89
300,122
500,97
200,89
400,113
300,97
400,89
200,89
400,89
200,97
400,89
400,97
300,121
500,105
300,114
200,106
300,105
500,98
300,122
300,81
600,98
200,106
400,97
400,113
700,97
300,113
300,113
700,98
500,113
400,113
200,97
200,89
300,113
200,97
500,106
300,89
200,121
900,89
500,113
300,97
400,106
200,81
300,122
300,114
700,97
300,105
200,98
400,89
300,106
400,113
400,106
200,97
300,114
400,114
600,114
300,114
400,97
300,121
500,114
200,113
300,97
300,97
500,121
400,97
400,113
900,106
400,106
300,105
300,97
300,113
200,106
400,114
200,89
400,105
500,105
600,121
200,105
400,121
300,89
200,89
300,97
300,89
300,114
200,114
400,81
400,97
200,105
500,89
400,114
300,97
400,97
500,106
300,114
500,105
400,97
600,97
300,113
500,97
500,106
600,105
500,89
400,89
200,89
700,97
300,97
600,89
600,97
300,114
1300,114
300,89
700,89
400,113
700,113
600,106
300,121
600,113
300,121
500,89
300,81
400,106
400,105
300,106
300,113
600,89
200,81
500,89
200,97
400,121
200,106
800,105
500,97
300,97
600,113
300,113
400,106
500,121
300,89
500,97
400,106
200,97
700,121
300,113
200,89
800,122
500,106
300,122
300,97
200,97
600,121
500,114
600,121
500,106
400,97
300,106
600,114
300,97
600,113
200,89
200,97
300,121
600,97
200,114
300,97
300,121
700,114
700,121
300,105
500,106
200,97
500,105
300,114
400,113
300,97
600,106
200,97
300,106
400,97
600,106
300,89
300,97
200,113
300,97
300,113
400,73
400,121
200,105
400,89
300,89
300,97
300,97
300,97
500,114
300,89
800,114
400,114
300,97
500,98
500,97
400,114
300,114
300,97
600,113
300,113
200,97
400,89
500,89
400,113
200,89
300,114
200,97
300,97
200,105
300,97
300,97
500,105
500,97
300,105
300,97
500,106
300,106
200,89
500,106
300,114
500,113
200,89
300,89
500,97
400,89
300,114
400,97
400,89
400,89
200,105
400,97
400,106
300,97
400,97
400,106
300,122
300,113
400,106
5300,106
400,97
500,81
300,89
500,106
200,89
600,89
400,97
300,97
600,105
300,89
300,106
500,121
300,106
300,113
500,113
500,105
400,97
300,113
400,129
400,121
600,106
400,121
300,129
300,121
300,97
300,113
300,106
200,98
500,97
700,97
400,105
2500,97
400,89
300,121
400,97
200,97
400,113
400,106
400,97
400,113
300,113
300,114
300,97
300,97
400,97
400,89
500,97
400,89
1400,81
300,106
300,113
300,113
300,97
600,89
500,97
700,105
300,105
400,105
200,113
300,97
700,114
300,97
300,105
500,114
200,97
500,97
200,97
300,97
300,114
400,113
400,105
300,97
200,97
500,97
300,129
600,97
200,89
300,97
300,105
600,105
400,106
300,97
300,114
400,97
400,122
400,97
400,114
300,113
400,121
300,97
300,105
900,121
200,106
300,122
400,106
300,98
400,114
300,114
400,97
300,114
400,97
300,106
300,121
300,114
500,105
600,97
300,89
400,113
200,97
300,97
300,97
300,121
400,114
200,114
200,97
300,114
400,97
300,97
300,105
300,105
400,113
900,113
400,89
200,105
400,121
400,113
300,89
400,106
300,129
300,97
400,89
500,105
400,105
300,89
300,89
500,89
300,97
700,113
300,106
300,105
300,97
300,129
200,89
400,97
300,97
400,105
300,105
400,106
300,114
300,114
400,97
200,105
400,89
200,89
300,105
200,114
300,89
500,98
300,98
300,89
500,89
300,114
300,97
300,121
300,105
500,106
300,97
500,105
500,114
500,105
400,114
300,105
300,113
300,113
400,97
300,129
400,114
200,97
400,97
400,106
300,113
300,89
300,89
200,105
700,121
400,105
500,97
400,106
400,89
200,105
400,114
300,113
600,114
500,106
400,114
300,113
300,129
900,121
400,106
300,97
400,97
600,129
300,113
300,114
300,97
300,129
500,121
300,89
300,121
500,122
500,89
300,105
200,105
300,97
400,97
500,89
400,97
500,113
300,122
300,114
500,89
400,129
200,121
300,89
500,106
300,97
400,97
300,97
600,114
300,81
300,121
200,89
400,105
200,106
300,129
300,105
200,89
300,89
400,97
300,114
300,89
300,97
300,97
300,97
300,129
700,121
200,97
300,89
300,89
300,122
700,114
300,122
200,97
400,121
300,97
300,113
300,105
400,89
400,89
200,106
400,97
600,121
300,97
200,97
300,89
400,113
300,105
500,97
400,106
500,105
200,113
400,97
300,89
500,97
300,114
400,89
400,106
300,121
600,105
300,114
400,105
300,114
300,122
300,105
300,97
400,113
600,105
1500,121
300,105
400,81
300,121
500,121
300,89
300,105
200,97
300,97
200,114
400,97
200,89
300,106
700,97
300,89
300,98
300,106
1400,106
400,114
400,113
600,89
600,105
200,97
300,114
300,121
300,97
400,105
600,97
300,129
500,114
300,121
300,89
400,97
400,97
1100,105
400,105
200,89
500,106
400,114
700,97
200,114
300,97
300,105
400,97
500,121
300,105
400,97
300,89
300,114
200,105
500,97
1800,105
300,106
200,97
300,89
300,105
600,114
500,106
400,97
200,97
300,97
700,98
300,105
300,89
400,106
500,105
200,89
200,89
1800,113
600,97
400,114
400,129
400,122
900,114
300,89
700,121
400,106
1000,89
300,121
300,105
300,113
200,97
500,106
300,113
200,105
1600,121
300,121
500,105
300,97
300,122
300,106
400,97
600,106
400,97
300,97
300,97
500,114
300,113
300,97
400,97
200,97
300,106
1400,105
400,97
300,97
500,97
200,105
300,129
400,121
300,113
200,89
300,105
300,89
500,113
300,129
300,97
600,89
300,121
200,81
1400,121
300,121
500,121
400,106
300,106
300,97
600,114
600,113
300,106
600,97
300,121
300,114
400,81
400,121
500,97
500,97
200,105
1200,105
300,105
300,106
600,105
300,97
600,114
300,97
500,97
300,114
200,114
400,97
200,105
300,106
300,97
400,97
300,114
400,89
1300,89
200,97
200,97
300,105
200,97
300,121
300,89
600,105
600,97
400,89
400,98
300,114
500,122
500,97
800,113
400,121
500,105
1400,129
300,105
600,97
200,106
400,89
200,106
300,97
500,97
500,105
400,113
400,113
300,105
300,89
300,97
500,97
500,105
200,97
1100,97
400,97
300,122
300,114
600,89
300,105
200,121
300,97
400,89
300,97
600,113
300,89
300,97
300,129
400,114
300,105
400,105
200,105
700,106
400,97
500,89
300,97
300,98
300,97
300,81
200,89
300,121
300,114
300,97
200,105
600,122
300,105
200,97
300,97
400,105
400,89
300,97
400,89
300,97
500,114
900,113
300,105
400,89
500,113
500,129
400,114
400,97
400,113
26100,97
3000,97
9200,114
300,97
4900,113
300,113
4500,129
300,113
300,105
300,105
5100,113
2900,114
300,97
600,97
2900,114
500,106
600,106
300,113
300,113
400,97
700,113
500,89
300,89
1000,97
600,122
600,121
500,113
900,105
500,121
6100,121
500,113
500,97
500,113
2800,106
600,97
2700,122
500,97
500,113
300,89
400,89
400,114
300,105
4800,113
400,97
300,89
500,97
400,97
300,113
200,97
600,129
500,121
500,106
500,114
1100,121
500,105
400,97
300,106
600,97
200,97
200,89
700,89
800,129
400,97
500,89
400,97
400,121
500,129
200,97
500,114
400,89
4900,129
500,97
600,105
600,106
500,97
100,81
500,121
500,106
500,113
900,114
700,105
900,97
300,97
200,97
200,105
300,89
500,114
500,89
500,97
600,106
200,97
200,105
600,97
500,105
400,106
400,89
400,114
400,105
400,97
500,122
700,121
500,113
500,97
300,121
200,97
500,97
400,89
200,114
500,105
400,89
500,121
300,114
500,97
700,89
300,97
500,97
800,129
500,97
500,105
300,106
500,97
300,129
200,89
300,105
600,114
200,105
300,89
200,97
600,129
600,97
600,89
600,89
400,105
600,106
300,105
400,97
400,97
300,122
1800,105
300,121
200,97
300,106
900,97
3600,114
900,97
700,114
600,105
700,105
1100,97
900,89
700,122
700,113
1000,105
500,89
1000,121
700,97
800,105
300,113
500,97
900,129
600,105
1600,105
800,81
400,97
700,121
800,89
1300,113
1700,97
700,129
1200,121
2000,114
900,122
500,106
1000,113
1000,89
700,89
800,113
1400,114
700,97
600,81
600,106
900,114
500,129
400,113
700,121
900,97
300,113
500,122
400,89
500,89
800,97
800,121
800,122
400,97
500,129
300,114
700,89
400,121
900,105
900,113
900,98
1200,105
1300,97
800,105
400,97
900,105
800,89
500,97
1200,97
700,89
1100,121
300,98
500,97
900,122
700,114
700,121
500,129
700,114
1100,105
900,97
1300,97
900,114
500,89
400,97
700,105
600,97
300,122
900,97
500,97
1000,121
500,97
800,114
500,97
600,89
500,97
1000,121
700,105
1200,129
1400,114
1400,97
700,89
800,113
800,113
500,97
1300,113
500,105
600,89
1000,129
500,98
1000,105
1100,114
800,122
900,121
500,89
700,114
1100,105
600,105
600,106
300,89
600,97
500,105
600,113
900,114
400,97
800,105
800,89
400,113
900,106
1000,121
600,105
600,98
500,89
600,97
1000,105
500,105
700,114
500,113
600,81
500,113
600,97
900,105
700,114
1000,97
600,97
600,121
1100,106
700,121
400,129
600,106
600,114
700,97
700,114
1000,113
400,89
600,122
900,121
600,114
400,121
1000,114
700,97
500,113
700,105
1000,129
300,106
400,105
1000,97
700,114
500,97
1000,105
700,106
400,113
1000,105
400,97
900,89
700,105
500,114
900,106
800,97
600,122
400,113
600,122
600,97
600,105
400,97
600,114
500,97
600,97
600,89
500,106
1100,121
500,105
700,121
500,97
300,89
400,121
300,105
600,114
500,129
900,121
200,89
600,121
700,113
1100,121
800,105
900,97
500,129
800,121
600,121
600,97
700,121
600,106
900,113
500,97
600,114
800,105
500,113
1000,114
500,89
500,89
700,97
600,97
800,89
400,106
700,121
800,105
500,105
800,106
800,122
800,97
600,89
600,113
800,114
700,105
500,105
800,105
500,97
800,113
300,114
700,97
400,106
500,114
700,106
800,129
500,129
500,89
700,114
500,114
300,97
1000,121
700,105
500,97
300,105
400,121
600,97
900,106
800,97
700,129
800,97
600,114
1500,129
500,129
800,97
300,97
600,114
1000,105
500,113
400,89
1000,114
500,97
400,89
700,97
600,89
700,105
200,97
900,114
800,97
500,105
700,89
500,97
600,97
500,97
700,114
800,105
900,121
600,97
800,89
500,114
500,105
700,89
500,97
700,106
200,97
500,106
400,122
400,114
400,89
700,81
800,114
600,81
600,89
900,89
700,121
400,105
1000,114
300,113
700,89
700,97
800,97
500,113
900,105
400,113
500,114
600,105
1100,105
800,114
500,97
900,97
700,97
700,89
800,121
400,89
700,121
500,89
1000,113
500,97
900,114
700,89
700,97
700,97
800,97
900,97
600,97
1000,129
600,105
400,105
400,121
800,122
500,97
300,114
500,113
700,121
400,114
700,106
400,106
600,105
400,121
600,129
800,113
500,105
500,114
700,122
400,105
800,114
500,121
700,114
500,114
1000,113
600,105
600,122
500,105
400,121
500,97
300,105
700,105
400,113
400,114
500,114
600,105
700,122
800,97
600,114
700,97
300,97
500,89
800,105
500,121
600,113
500,106
400,113
400,105
700,89
800,106
500,122
300,105
600,121
300,105
600,105
500,97
200,89
400,129
700,97
600,113
600,121
700,105
600,105
600,89
1100,97
600,105
400,105
1400,97
800,105
500,105
400,81
600,121
1300,89
600,114
700,121
600,113
400,97
1000,114
600,97
1000,137
400,97
1100,122
700,114
600,113
500,89
600,113
1000,105
400,105
700,106
400,105
400,105
700,122
800,106
700,105
700,121
800,97
700,105
400,105
600,97
400,97
400,114
600,97
800,130
900,122
600,97
500,97
600,122
500,121
900,114
400,114
800,113
400,89
300,105
600,122
400,105
600,97
400,114
1200,121
700,97
500,105
500,121
400,89
300,89
800,114
700,97
500,114
700,121
400,105
800,89
700,129
500,89
500,122
700,97
600,114
600,114
700,106
800,121
500,97
600,114
400,105
700,89
500,97
400,97
500,97
700,97
600,97
700,114
700,113
600,114
700,105
700,97
900,114
1200,122
500,105
700,97
800,129
900,105
500,122
400,97
800,121
1100,114
300,105
700,121
400,113
400,97
700,105
800,114
500,122
800,113
800,113
700,97
800,121
600,114
400,89
700,113
700,97
600,97
500,114
500,113
400,97
900,129
900,105
600,105
600,105
600,97
300,97
800,113
400,97
500,89
600,97
1200,114
400,97
400,97
900,129
1100,113
500,114
600,121
500,97
300,97
500,129
400,97
900,122
400,105
600,129
800,114
600,121
600,97
500,89
400,97
500,106
800,129
400,106
800,105
700,106
900,113
800,97
500,106
800,114
600,97
400,97
400,89
500,114
400,97
600,122
400,106
600,105
500,122
600,121
800,129
400,89
500,97
200,105
500,122
500,81
400,97
900,129
500,121
600,105
1000,129
1000,105
200,97
600,105
700,114
500,97
400,122
600,89
700,105
1100,121
600,106
600,106
600,97
600,97
600,114
700,89
300,97
600,97
700,114
1000,113
700,106
800,114
1000,97
800,122
1000,97
400,113
900,97
500,122
500,97
800,113
300,105
900,121
600,105
800,122
600,114
600,97
1000,89
700,97
300,105
500,89
600,89
500,106
1000,114
700,105
400,121
700,97
700,97
1300,105
800,121
600,97
1600,121
1000,106
500,89
400,97
500,97
800,129
500,89
500,121
800,105
400,97
500,114
600,113
800,105
1000,121
800,105
700,121
400,97
800,121
500,114
600,89
500,105
900,97
600,121
600,89
600,105
700,114
700,106
500,122
500,97
600,114
1200,114
600,97
800,106
500,122
400,89
700,105
700,97
300,129
500,113
400,106
300,89
400,105
600,105
600,105
500,129
700,105
900,114
700,113
800,105
500,89
600,105
900,89
400,89
900,105
400,105
500,114
700,89
800,106
700,113
500,97
600,97
700,105
700,97
900,130
600,105
400,98
800,113
300,114
600,97
1000,114
800,121
400,114
500,121
500,89
300,89
800,114
500,97
700,97
500,106
600,89
1000,97
500,114
500,105
500,97
900,129
500,97
1100,81
400,97
400,113
400,129
600,89
600,89
500,129
1000,114
1100,113
700,121
500,97
1700,105
900,129
600,89
400,113
300,105
700,105
600,114
600,105
500,105
700,122
900,129
900,97
500,97
1000,89
300,105
500,89
400,121
400,89
500,105
900,105
500,89
800,106
200,89
700,106
600,97
500,97
700,105
1000,113
600,97
500,121
900,114
600,105
800,106
600,106
700,113
600,114
300,105
300,113
700,114
500,97
400,106
400,89
600,97
600,97
800,114
500,97
400,89
600,106
1200,121
600,97
800,114
600,105
500,105
1200,129
900,129
300,114
600,89
1000,97
500,105
600,97
400,122
400,97
400,122
900,122
500,105
500,122
400,113
500,89
800,97
500,89
700,114
600,105
600,105
400,122
400,89
300,122
900,129
300,122
1200,105
400,114
600,97
700,81
900,97
1300,121
600,106
500,89
700,113
500,105
600,89
600,105
700,113
300,122
500,105
600,89
500,106
500,97
300,97
400,121
600,98
600,97
600,129
500,105
400,121
600,114
900,121
700,97
500,114
600,113
600,105
700,114
800,97
300,121
400,97
300,97
500,97
400,97
800,129
300,105
400,105
500,97
500,122
600,97
300,114
600,105
300,89
700,121
600,105
400,97
800,114
700,121
500,89
500,106
1000,129
900,121
400,114
200,105
500,97
200,97
700,105
300,97
500,113
400,89
900,114
800,105
800,89
500,121
500,121
700,114
600,97
700,129
400,122
300,121
500,113
400,97
700,122
400,105
800,122
500,121
500,97
800,105
500,121
600,105
800,97
700,105
300,105
400,105
500,97
800,121
500,97
600,114
400,114
600,105
400,121
500,105
900,122
500,97
400,97
500,129
600,121
400,97
1000,89
800,113
800,122
800,89
500,105
1200,106
800,106
700,89
400,106
600,97
1100,113
600,97
700,114
600,122
900,105
800,121
500,89
800,105
500,121
500,129
600,105
500,121
500,106
400,89
1100,129
400,113
800,113
500,114
500,97
800,105
1100,129
900,114
200,105
500,105
900,105
700,129
600,105
500,121
500,129
700,97
400,114
500,122
900,97
700,122
300,130
500,97
500,89
700,97
400,89
600,113
500,113
500,129
500,105
500,97
900,114
800,129
900,97
500,105
800,121
400,97
500,129
500,89
600,105
1000,105
1000,129
500,105
400,105
600,121
800,97
800,105
400,105
400,129
400,137
600,105
800,113
600,89
600,113
600,97
800,97
600,97
500,113
500,97
600,89
500,121
800,105
800,113
400,106
600,89
500,97
600,121
300,89
900,114
600,97
800,122
800,114
400,113
800,105
800,97
400,105
500,105
600,105
700,121
700,105
400,89
600,114
900,121
700,106
700,106
500,121
700,105
600,114
800,121
700,129
600,106
700,97
400,106
700,105
500,105
600,106
300,122
600,122
500,97
600,97
600,97
500,97
700,105
700,113
500,122
700,97
400,89
800,114
400,89
300,89
600,89
700,114
800,122
700,97
600,113
400,97
400,97
600,89
700,114
1400,105
500,105
1100,113
300,81
600,105
300,97
600,105
600,105
500,105
400,114
500,97
400,114
300,97
800,97
800,121
600,89
400,89
700,113
800,97
300,105
800,121
500,98
600,97
300,89
400,97
600,106
600,105
400,97
1300,114
900,129
500,97
300,121
900,113
700,113
500,105
400,97
300,97
700,105
900,105
500,97
500,122
400,106
500,121
300,129
600,97
200,97
400,114
700,105
500,105
700,114
400,105
500,89
500,122
400,89
900,114
700,121
600,97
700,89
300,105
500,97
400,113
300,113
700,105
300,97
300,105
1100,97
700,114
800,121
500,97
400,105
600,114
500,105
700,113
900,114
700,113
400,105
900,106
700,121
500,97
600,89
700,129
700,121
400,105
600,97
1500,97
1100,122
600,121
600,89
1100,121
900,114
900,122
1100,97
900,105
900,106
400,89
800,113
400,113
600,89
300,97
1100,89
800,97
1500,114
1100,114
600,89
1000,137
1100,89
1000,105
500,113
600,105
600,129
500,97
1100,121
700,105
500,105
600,106
300,106
600,114
600,113
400,89
400,97
400,105
800,97
600,105
700,97
500,113
400,113
400,97
400,105
300,105
500,105
500,121
400,105
400,89
700,113
700,105
400,89
1000,97
500,114
300,137
900,113
900,105
400,97
700,105
400,97
400,97
1000,97
700,122
600,105
900,121
600,113
900,106
700,122
1100,121
800,114
500,121
1000,121
1000,114
900,129
800,105
500,113
600,105
800,105
800,97
800,114
600,97
600,97
300,97
400,121
600,97
900,97
700,121
600,114
500,105
300,114
300,114
700,129
700,89
500,129
1100,105
500,105
500,122
1100,105
300,97
600,113
300,114
500,113
1300,105
600,105
400,106
700,105
600,97
300,97
400,97
1000,114
400,97
700,105
500,97
400,97
500,97
400,97
600,97
700,97
500,114
600,130
500,114
700,105
300,105
800,121
500,97
300,129
900,105
1000,105
800,97
600,121
1400,114
1300,114
400,122
900,105
1000,97
600,105
600,113
500,105
800,130
300,121
300,105
1000,106
1400,122
500,114
1300,121
500,105
700,89
300,97
700,105
400,113
1000,105
1300,97
1400,105
1000,114
1800,129
300,97
800,129
400,129
500,121
500,129
700,97
900,97
1300,105
700,129
300,105
500,89
300,97
600,105
300,105
700,97
700,105
400,105
500,121
700,97
700,114
1000,113
500,113
600,97
900,89
600,121
500,105
800,97
1300,121
700,113
300,97
800,105
400,97
800,105
500,105
900,97
400,97
900,122
400,113
400,113
400,113
800,97
400,97
300,105
600,121
500,97
500,114
600,114
500,89
400,114
600,97
300,97
400,97
700,122
500,97
300,97
800,105
600,97
400,121
700,97
400,89
2300,129
600,121
500,113
300,97
400,114
500,97
700,129
400,97
1000,97
600,114
800,114
500,97
600,97
600,97
500,97
400,122
700,121
1800,105
600,114
400,122
1000,114
500,122
600,121
700,89
500,114
300,97
800,121
800,114
300,97
300,105
1000,113
500,97
600,114
800,121
300,89
800,105
1100,122
600,105
400,105
500,113
1000,113
800,113
400,97
600,114
300,113
1000,122
600,97
800,105
400,81
600,105
500,105
600,97
400,97
300,89
500,97
500,122
300,97
900,105
700,121
400,97
900,129
600,137
600,130
600,106
500,97
700,113
700,122
300,114
700,105
400,97
400,121
400,113
300,105
400,97
400,97
700,97
600,113
400,105
400,129
600,121
500,105
600,121
500,105
500,106
600,106
400,129
600,89
700,113
600,114
400,97
400,113
300,105
800,97
500,113
600,121
300,121
400,114
700,129
600,121
500,97
500,105
600,97
400,97
500,97
600,122
700,97
300,106
700,113
600,97
500,105
400,105
900,114
600,130
700,113
300,114
500,129
300,105
900,129
700,114
2100,137
500,121
500,113
800,105
400,106
800,106
500,137
600,105
500,105
800,121
400,121
600,105
400,122
400,97
400,105
300,97
700,97
1600,97
500,97
700,121
300,89
600,113
400,114
500,114
400,105
600,105
600,114
300,97
600,122
500,97
300,114
300,97
400,89
400,89
1400,97
700,97
1100,105
400,105
500,97
600,121
600,121
500,89
700,105
400,105
700,113
300,105
700,129
700,122
700,114
300,97
700,129
1600,113
400,105
500,113
400,97
700,114
500,105
700,129
700,122
500,129
500,105
700,121
400,105
400,122
600,105
300,97
600,121
400,97
2300,129
400,97
500,97
400,105
500,89
600,122
600,105
400,113
400,97
700,113
500,121
400,105
500,97
400,114
600,129
500,121
300,89
1300,97
400,105
300,121
400,105
700,97
700,97
700,97
400,113
200,89
600,114
800,114
800,105
600,122
600,114
500,129
500,114
300,114
400,122
400,89
500,105
500,129
500,129
800,129
400,122
300,97
400,122
400,114
600,114
400,121
700,114
400,89
400,105
400,113
500,89
500,105
1300,121
300,97
600,106
600,122
700,121
800,105
600,105
500,105
500,97
400,105
300,113
500,130
500,97
300,89
400,97
1200,106
500,122
800,121
600,105
300,89
500,129
300,97
300,97
500,113
400,129
300,89
900,113
600,114
400,105
600,97
300,114
700,121
400,114
300,114
500,122
500,129
400,105
1100,121
500,105
300,97
800,129
500,114
500,105
500,105
200,105
400,129
400,89
500,105
600,106
500,114
500,97
600,105
400,97
600,121
500,121
400,129
400,106
400,114
400,113
900,121
600,129
400,121
500,89
400,114
300,114
1200,122
300,97
500,105
600,105
400,97
400,114
500,97
600,89
600,106
500,97
500,97
500,122
600,114
300,97
300,121
500,122
800,121
500,105
400,137
400,114
400,106
400,114
400,97
700,113
1000,122
400,97
700,97
700,114
400,97
900,114
300,113
600,121
700,106
700,114
300,105
500,105
400,97
400,113
400,105
400,114
500,121
500,89
400,121
600,106
500,114
400,121
300,121
400,105
300,97
600,121
400,122
300,105
300,97
500,89
400,97
800,114
500,97
400,89
500,129
800,122
400,121
500,105
300,105
400,105
400,105
1000,137
600,97
600,121
400,97
500,114
500,105
400,113
600,105
600,105
300,105
600,129
400,121
700,129
300,105
300,97
500,113
800,105
700,122
600,97
300,89
300,121
600,97
700,129
700,105
500,113
300,129
500,122
600,97
300,105
500,114
400,89
800,113
500,106
1000,105
300,129
400,122
400,97
500,129
400,97
400,105
400,97
300,97
400,114
600,113
300,97
400,121
700,97
500,97
600,114
400,114
700,105
400,137
400,106
500,114
500,114
600,113
300,97
500,121
300,97
500,121
400,97
400,137
500,97
300,105
900,121
600,121
300,97
400,97
700,105
600,114
800,97
500,113
400,105
700,137
500,97
400,89
500,122
600,129
500,113
500,121
600,122
500,113
300,97
500,97
400,89
400,105
600,130
500,114
600,105
400,114
500,97
600,106
500,97
300,97
500,122
500,114
500,97
900,97
400,114
800,121
400,106
400,121
300,97
500,105
400,106
400,113
700,105
800,122
400,97
400,105
700,114
500,114
500,105
500,122
400,114
400,105
400,121
400,97
500,129
300,89
500,121
600,97
500,106
700,129
300,97
700,97
1000,97
600,97
700,129
600,105
300,105
400,105
400,122
500,121
500,97
600,113
700,105
300,89
700,105
500,106
400,121
300,97
600,113
400,89
600,114
400,97
400,121
600,113
400,105
500,105
300,89
2100,97
700,97
700,114
500,105
700,105
500,97
900,121
600,114
700,105
400,113
600,114
300,97
600,105
500,97
400,106
900,121
400,121
400,105
600,114
500,105
500,122
700,97
500,97
500,129
400,105
700,129
400,129
800,122
600,105
600,105
800,97
800,114
700,121
300,89
600,113
500,122
800,105
400,105
300,105
500,129
500,129
600,97
2000,105
400,113
600,114
700,121
500,105
300,114
500,97
400,97
1200,129
300,105
700,105
700,113
300,97
600,113
400,97
400,97
500,97
400,89
400,121
400,113
1100,129
500,97
700,105
400,97
400,97
1000,113
300,89
700,105
800,122
400,105
600,105
500,105
300,105
1000,106
600,97
500,122
600,113
500,114
800,89
500,106
400,106
700,114
900,129
800,97
1100,121
400,105
400,97
400,113
600,105
600,105
1200,129
400,105
600,105
500,105
700,97
600,137
300,97
400,105
500,114
500,97
700,130
600,105
800,97
500,113
700,105
600,114
500,105
400,105
800,97
800,114
600,121
700,122
700,122
600,97
300,105
600,137
500,129
700,97
600,105
400,105
500,97
1100,114
600,105
500,122
500,122
900,129
400,105
600,113
300,97
600,114
300,121
1100,121
800,105
400,122
900,106
400,105
800,105
800,121
700,105
1000,105
700,114
300,89
800,113
700,105
600,97
600,105
900,105
600,113
300,105
400,105
500,114
600,122
500,105
500,122
600,113
800,122
400,122
400,97
700,106
800,97
600,121
500,97
500,129
500,105
400,105
700,121
400,97
700,121
600,137
400,105
700,121
300,105
500,121
400,122
400,105
500,113
400,97
500,129
400,97
300,105
500,106
700,97
500,105
800,114
300,97
600,129
700,121
500,105
400,97
600,130
600,106
600,105
600,113
600,114
500,130
700,122
400,114
400,105
300,113
600,114
700,122
800,97
600,106
300,113
600,105
500,105
500,97
400,97
600,122
800,122
1800,105
700,89
500,97
400,89
400,97
400,97
500,97
700,97
700,113
700,105
700,113
800,129
500,97
400,97
900,121
600,105
500,114
1700,121
500,129
600,114
900,97
600,114
600,113
500,105
500,105
700,113
1000,122
500,105
800,122
400,97
500,97
600,122
500,89
500,105
400,105
300,105
500,106
300,105
700,97
600,105
600,97
400,122
500,97
400,105
500,129
900,114
300,105
600,97
400,105
400,129
600,97
1700,122
600,105
500,114
500,114
500,97
800,113
500,121
500,106
400,122
300,105
500,97
600,121
500,121
700,114
500,97
300,105
700,105
1500,122
300,97
300,105
800,137
600,105
400,130
500,105
400,97
700,113
1000,97
600,105
400,105
700,129
700,97
500,113
400,114
400,98
1800,105
600,97
400,113
700,105
500,97
600,129
500,122
400,121
900,129
600,137
400,122
400,129
600,97
700,113
600,97
400,121
1000,121
300,97
400,121
500,105
500,121
700,113
700,129
500,121
600,105
600,97
500,122
700,114
500,129
400,114
500,89
400,105
400,105
600,129
1900,130
600,89
600,105
600,114
400,105
400,97
400,129
600,114
400,97
500,121
400,97
500,121
400,89
600,113
600,114
700,121
300,106
1700,105
900,105
600,113
400,105
600,97
600,105
300,97
600,122
500,97
500,97
700,105
700,113
500,97
700,122
900,130
500,129
600,129
1700,97
500,105
500,122
400,105
500,97
400,97
600,121
500,97
600,106
600,114
400,114
500,97
700,89
400,105
700,129
500,113
700,114
4100,137
700,121
1000,137
500,121
600,105
700,97
600,105
700,114
700,89
600,105
500,97
800,121
400,121
300,129
400,122
400,97
700,129
2200,114
500,130
500,129
700,114
300,89
400,105
600,105
300,97
500,97
500,97
700,105
500,129
500,129
500,97
600,97
800,137
700,97
400,89
400,122
400,97
600,122
400,89
500,121
600,122
400,114
400,89
800,105
700,130
400,113
400,97
800,113
700,105
400,114
400,121
1500,97
500,97
600,122
500,97
400,121
500,114
600,105
500,113
300,97
500,113
500,114
700,129
400,105
800,129
400,113
600,105
600,114
1600,113
400,97
600,137
500,105
400,97
300,97
700,97
600,114
500,106
700,130
500,97
400,122
700,121
400,105
800,122
300,121
600,113
1500,97
400,113
500,129
800,114
500,122
500,105
700,130
400,105
600,122
500,97
300,97
500,105
400,89
1100,114
500,97
300,105
600,122
1700,129
500,106
800,97
500,122
600,129
500,105
700,105
700,121
400,97
900,121
600,113
600,122
400,129
600,121
700,105
400,89
600,129
1400,97
500,129
300,121
400,121
600,122
500,113
500,97
500,97
600,113
400,105
600,137
900,121
600,121
300,97
500,122
500,137
500,121
300,97
500,122
500,130
400,130
700,97
600,105
800,129
600,113
600,105
500,114
400,122
500,97
500,113
600,105
600,105
600,105
400,97
800,106
500,114
500,97
600,97
400,97
500,113
700,105
700,97
400,97
600,97
400,97
600,105
500,105
400,137
700,129
500,137
500,105
400,105
800,121
500,105
300,113
600,105
600,105
500,114
500,105
500,129
300,129
500,97
500,121
500,113
600,129
400,105
500,105
500,97
400,121
500,129
500,97
500,121
600,105
500,113
400,129
400,106
700,114
500,105
500,105
700,129
600,122
700,105
700,121
1100,129
400,114
400,97
500,97
400,114
700,129
500,106
300,105
900,122
400,129
500,105
700,122
400,113
400,105
500,129
600,106
1000,114
600,97
400,105
400,114
500,106
600,97
1100,121
500,89
300,113
1400,122
1200,114
400,122
700,89
400,129
600,114
700,97
500,114
600,113
400,97
700,113
300,97
500,105
600,105
500,97
500,105
500,114
500,97
600,114
400,105
600,122
500,105
400,106
400,105
500,97
700,130
600,105
500,97
500,114
500,97
600,122
300,105
400,105
500,105
400,97
400,129
500,114
500,105
500,97
600,121
400,113
500,97
500,114
700,97
800,97
600,97
500,105
400,105
400,106
600,121
500,122
400,97
400,129
400,97
300,97
700,105
400,97
700,106
400,97
500,97
400,97
700,113
400,114
400,113
400,137
400,130
800,105
600,113
500,97
600,97
800,122
500,113
400,89
500,114
900,114
600,114
400,105
300,105
400,130
400,105
500,97
400,97
500,114
300,105
500,130
700,121
700,129
500,105
500,105
500,129
500,129
500,129
400,113
300,97
500,114
700,114
300,97
400,105
600,122
400,113
300,97
400,113
400,89
500,97
700,113
400,114
600,121
800,129
500,137
500,114
400,105
400,97
800,97
300,105
600,105
600,121
700,121
400,105
300,97
400,105
400,105
500,129
300,97
300,97
500,105
300,113
500,97
500,97
600,113
500,106
600,114
500,130
600,129
500,129
700,122
300,113
400,121
500,97
500,122
400,129
600,114
400,105
500,106
400,105
400,97
400,114
600,129
600,122
500,105
400,113
500,121
600,97
800,105
400,113
500,105
400,97
300,113
900,105
400,129
500,114
700,129
400,130
600,122
400,97
800,97
400,105
700,105
700,113
1000,137
500,114
200,97
300,97
600,97
500,97
900,113
600,114
400,97
700,114
400,121
500,114
800,114
500,114
300,97
600,114
400,105
400,121
400,129
400,105
700,122
300,97
700,130
400,105
500,113
600,129
800,130
600,113
600,121
400,97
500,122
1000,129
400,114
600,106
400,97
500,97
400,129
400,105
500,105
600,122
500,113
500,129
500,97
400,113
600,113
600,122
400,105
300,97
400,105
600,122
500,122
500,105
600,97
500,114
600,97
700,129
500,114
400,105
400,122
300,105
500,105
600,137
800,137
1100,114
300,105
400,114
500,89
800,122
600,121
600,97
500,121
400,129
400,105
600,97
500,114
300,89
500,97
400,105
500,121
400,122
600,105
400,130
600,105
900,114
600,105
500,113
600,97
400,113
700,121
400,121
300,89
700,121
600,114
500,121
700,137
400,137
700,121
500,114
400,105
2000,114
500,105
500,105
400,113
300,97
500,121
500,97
700,121
400,89
500,97
600,121
500,105
500,105
700,105
500,121
700,121
600,89
1400,105
500,105
500,105
600,121
700,129
800,114
500,121
600,97
400,122
500,97
600,121
700,105
500,137
400,114
500,105
700,105
400,114
1600,113
500,105
700,114
500,114
400,105
400,137
500,97
500,105
500,130
400,97
500,130
500,97
400,129
500,89
600,105
300,105
300,105
1900,137
500,97
600,121
300,105
500,121
700,137
500,137
400,97
500,97
700,122
700,122
400,113
600,114
600,121
400,137
500,105
400,113
2100,97
600,105
500,129
800,113
700,113
600,106
400,113
400,97
600,113
500,105
500,105
200,105
400,105
300,105
600,105
600,105
700,113
2000,105
500,97
800,105
300,105
400,105
500,105
500,122
400,129
600,122
500,105
400,113
700,114
500,113
500,122
600,114
500,121
600,105
1600,105
500,114
300,89
400,105
400,105
500,113
400,105
400,105
600,137
900,122
1300,130
800,122
700,121
300,105
600,129
300,113
400,121
1600,105
600,113
400,122
600,113
1000,129
400,114
500,105
600,113
600,114
400,97
800,113
500,121
500,121
600,122
400,105
700,121
600,122
600,97
500,121
500,129
800,105
1000,105
500,121
300,121
400,129
300,97
600,113
600,122
500,105
400,97
900,129
400,105
400,114
600,105
500,97
300,97
700,129
600,129
700,130
400,105
700,121
400,105
500,97
800,106
700,122
600,105
400,105
400,113
300,97
600,113
500,105
1300,105
400,97
300,105
400,113
500,97
400,113
400,113
700,121
500,97
400,113
500,97
400,114
600,130
500,114
500,105
400,97
600,121
1800,113
400,89
400,105
500,130
800,97
400,97
400,97
500,105
500,89
800,130
200,97
400,105
500,89
300,114
400,129
300,129
400,97
1600,113
300,114
500,130
300,89
800,114
500,97
300,97
400,97
400,122
400,105
400,114
600,113
400,105
400,105
500,129
400,105
600,97
1500,121
300,97
600,121
500,130
500,137
500,105
700,129
1100,113
600,106
600,121
700,105
400,129
400,106
500,105
1100,113
600,105
300,105
600,129
500,97
600,113
600,106
500,105
700,113
700,113
500,105
400,113
500,114
1000,129
500,113
500,122
600,129
400,105
400,105
600,122
800,97
300,97
700,114
1200,114
500,122
1100,105
800,105
700,114
700,114
600,122
500,105
900,137
900,114
400,122
1300,106
5500,105
3900,129
1600,89
2000,105
1800,114
1300,105
1000,97
1600,129
1200,97
1400,121
1200,105
1200,97
1500,129
1800,121
1500,130
400,105
1200,105
1300,114
1100,97
1100,105
1100,105
1100,114
1100,105
1100,105
1400,129
800,89
1300,114
900,105
1300,137
800,97
1200,113
1200,130
700,97
1100,105
800,105
900,113
1100,114
1000,121
1700,129
1000,113
1800,105
1700,97
1100,105
1100,105
1100,97
1300,105
1400,105
1200,105
1500,97
2500,121
1000,105
1900,114
900,121
2200,105
1800,106
1300,137
1300,121
900,121
800,113
1500,114
1500,97
900,105
1500,129
700,97
1600,105
1400,105
2400,97
5800,105
1000,105
1100,114
600,105
1200,113
800,97
1700,113
1300,122
800,105
1100,122
700,97
1400,122
1200,114
1100,106
1100,113
1700,121
600,113
1100,105
700,105
1200,114
1100,121
800,97
1300,105
1100,113
1100,105
900,105
1300,105
500,105
800,89
700,97
1200,129
1000,105
1400,130
900,114
900,114
1000,113
1100,105
1100,105
900,130
700,97
800,121
900,105
1200,122
1500,129
700,121
1100,130
600,105
500,121
500,97
1100,129
1000,129
1100,114
800,89
700,113
800,113
1200,121
1000,121
900,137
1100,105
1000,129
1100,97
1000,121
600,130
400,129
1200,130
1000,113
1000,105
800,114
700,105
600,129
800,129
1200,129
1100,122
800,97
1100,113
1000,105
400,97
1000,97
1000,113
800,105
1200,113
800,122
1100,130
1400,122
900,121
900,105
800,122
1400,122
1000,113
1000,122
900,105
900,105
500,121
2400,129
2200,114
1200,105
1100,97
900,89
1000,113
1200,105
4300,105
900,97
1500,122
800,113
1000,121
1800,114
1000,113
1200,105
1300,137
800,105
700,113
1100,129
1000,129
1300,129
1100,129
1200,129
600,113
1300,114
900,122
900,105
600,130
1100,113
900,122
1600,113
700,105
1000,105
1300,114
900,113
1000,122
1500,122
800,105
1200,114
1000,113
1500,122
1100,122
800,105
500,121
1000,122
800,89
600,105
1100,122
600,97
1100,130
700,129
900,97
1200,121
700,121
500,105
800,121
800,105
900,97
700,122
1200,122
1300,114
1200,114
800,105
600,105
800,121
1100,105
1000,113
600,114
1100,129
900,105
700,137
1000,114
800,105
900,113
700,105
600,105
800,114
1300,129
800,122
800,114
700,89
1000,114
1500,121
700,105
700,97
1800,105
700,113
800,105
1000,105
400,114
800,122
1000,121
700,114
1200,129
1300,121
1100,130
700,105
900,89
1300,122
1100,113
600,113
600,105
700,105
700,97
600,97
700,105
600,122
800,122
1300,121
700,113
1000,97
700,105
1100,105
500,122
1000,105
700,105
1100,105
700,89
400,113
1200,122
1200,114
1100,105
1000,106
1100,113
1100,129
600,89
1000,113
800,121
900,129
900,105
700,89
500,122
1200,121
1200,129
1100,122
700,113
1000,113
1100,121
900,113
600,97
500,105
900,113
600,105
1000,130
700,105
400,105
800,97
1300,137
800,105
800,137
1000,114
1200,129
1100,113
700,89
900,105
500,105
900,105
900,122
700,114
500,130
700,113
700,130
700,97
1000,121
900,122
600,105
1000,129
700,137
1000,129
1100,121
900,97
600,97
700,122
1300,129
600,114
800,105
800,105
700,114
1100,129
500,130
1100,97
800,97
600,105
600,129
900,114
800,97
900,130
500,97
500,97
800,105
900,113
600,97
800,129
900,121
500,121
1000,129
800,97
1100,129
700,97
900,105
1000,121
800,105
1700,97
700,89
500,105
600,89
1000,105
1000,130
1200,129
800,130
1100,105
600,97
900,121
1000,97
1400,121
900,113
800,114
600,137
800,97
700,122
700,105
900,114
700,113
1200,121
900,113
700,97
1000,97
1400,130
700,122
700,113
800,97
900,113
1300,97
900,130
1000,105
1000,129
1000,114
800,122
900,105
1000,129
500,105
500,105
700,130
900,105
900,137
700,113
600,105
600,137
500,97
700,113
1500,121
800,105
700,113
900,105
1000,121
400,105
1100,114
1000,129
1000,129
800,122
800,130
900,122
900,121
900,114
500,105
1000,122
700,129
600,121
1100,121
1800,113
500,105
800,97
1200,97
600,113
800,105
500,121
500,97
1000,121
800,121
500,129
800,121
1000,114
400,105
500,113
800,113
600,105
1000,129
900,113
600,97
1100,130
900,122
500,97
900,105
900,122
1000,113
1100,122
800,113
600,122
900,97
900,105
800,113
700,105
800,105
800,105
800,121
700,97
700,97
900,122
600,89
1100,105
1100,121
1000,97
1100,105
400,113
1300,137
800,105
1600,137
800,113
900,105
700,105
900,137
800,113
1200,129
1100,129
600,105
900,106
1300,137
600,130
700,129
1000,106
700,129
900,113
900,129
1000,105
900,129
1300,121
800,97
600,97
800,122
1100,129
700,129
1300,121
800,121
900,105
500,97
1000,122
1200,114
700,114
800,113
1100,122
1000,114
700,105
800,113
1100,122
900,105
800,105
700,105
1100,97
800,121
900,114
600,113
1000,121
1300,105
900,130
900,97
900,137
1100,105
800,130
800,121
800,97
1100,113
700,97
800,129
700,105
1200,114
1400,122
500,105
700,113
600,129
600,97
700,97
900,105
700,105
700,97
900,129
1100,129
700,105
600,105
500,105
800,105
500,97
600,89
700,114
900,105
800,97
600,121
900,105
500,114
600,122
400,105
600,105
3500,122
700,105
900,113
600,121
700,121
400,105
600,121
1000,114
700,105
700,114
900,137
400,137
700,121
800,137
600,106
700,121
800,121
1000,137
600,97
600,121
1000,105
800,121
900,113
700,113
800,97
400,105
900,113
600,97
600,122
600,113
400,105
900,113
700,113
1000,106
1000,137
600,121
900,121
700,129
700,113
700,105
400,105
1200,129
800,137
700,113
600,113
800,122
700,129
800,113
700,89
700,130
700,105
500,105
1200,129
800,105
1100,122
700,113
600,129
900,105
500,105
600,122
500,105
900,114
900,130
900,105
900,105
600,105
800,105
1100,113
1100,113
1100,105
800,89
1300,105
1300,122
1100,114
900,113
700,105
800,121
1200,129
500,113
700,129
800,122
1000,122
700,113
900,137
500,105
1000,89
700,105
800,121
700,122
700,105
700,97
700,129
900,97
500,130
800,113
600,122
700,97
600,105
500,114
1000,137
700,105
400,105
1200,105
700,105
1000,121
800,114
900,122
1100,129
600,113
500,106
700,114
600,113
800,114
800,105
900,106
500,105
800,113
1000,121
1100,114
1000,113
1000,106
600,113
600,97
500,113
800,114
600,113
700,105
1000,122
1200,121
900,137
600,113
600,113
900,113
700,105
800,113
800,105
500,97
400,113
800,129
800,122
600,122
800,113
700,97
600,121
600,105
900,105
1000,114
800,129
700,129
900,121
800,129
600,97
1100,113
600,130
900,121
600,113
800,113
400,105
400,97
700,122
400,114
500,97
600,130
300,97
500,114
500,137
600,121
700,113
600,121
600,97
500,113
600,129
1000,105
500,114
300,105
600,105
400,105
400,113
400,89
700,113
500,97
300,114
700,122
500,129
400,97
300,113
400,105
400,105
200,121
600,113
200,97
500,105
500,137
500,113
500,122
500,113
300,130
700,121
600,129
500,114
600,122
500,113
600,121
600,122
700,114
1000,129
400,113
300,97
400,105
200,89
500,114
300,97
300,113
200,105
300,89
500,113
600,105
500,97
500,81
300,97
500,97
400,105
500,129
300,129
400,97
400,113
600,122
700,129
600,105
400,122
700,113
300,97
700,121
300,129
500,113
300,97
600,105
500,97
200,122
900,97
400,97
400,105
500,105
400,105
500,113
400,129
200,130
300,113
400,97
600,114
500,97
700,129
300,113
300,97
300,122
300,122
400,114
500,113
400,105
500,122
300,137
400,113
300,97
500,121
500,121
200,105
400,113
400,122
300,113
400,105
600,121
600,129
300,113
800,130
300,122
600,121
300,89
700,105
400,97
600,121
500,113
200,113
600,129
500,113
400,105
400,89
400,129
300,113
500,114
400,89
200,113
300,97
200,113
300,97
500,105
600,121
200,97
300,113
400,105
900,129
200,137
500,129
300,122
200,97
400,129
600,113
300,113
500,105
700,113
500,114
600,121
300,105
400,105
500,105
400,113
500,129
300,121
400,105
500,105
500,129
400,122
400,114
400,122
500,129
300,105
500,113
200,113
200,137
600,122
400,97
300,105
700,121
400,105
200,97
400,105
400,105
300,121
500,129
300,105
300,105
400,105
300,97
400,97
400,113
500,121
600,130
500,122
900,114
300,121
600,105
500,122
400,121
700,122
300,121
200,113
500,122
400,129
400,129
400,114
400,105
400,105
200,114
200,97
200,105
700,137
500,105
400,137
200,97
200,105
300,129
600,122
400,121
200,145
300,121
500,105
300,105
300,105
300,121
300,137
700,97
400,121
300,113
300,105
400,97
300,106
500,97
400,89
400,129
800,105
300,105
400,105
400,122
500,97
200,113
400,137
400,113
500,114
800,105
400,129
300,129
400,105
500,122
600,97
300,105
400,105
600,122
900,105
300,121
500,97
400,113
1600,113
700,122
700,129
200,105
700,114
600,129
200,129
200,105
400,113
400,129
300,105
500,97
500,105
300,113
500,114
200,114
600,129
1200,105
600,137
300,113
300,129
400,105
200,137
500,113
500,97
400,89
300,105
300,114
300,105
600,137
200,113
400,97
300,129
700,137
1000,122
400,122
300,121
300,113
300,114
200,113
200,97
500,122
400,105
700,106
500,97
500,114
400,122
400,130
600,129
400,105
600,121
1200,97
200,105
300,113
700,137
400,121
400,105
800,97
400,121
400,105
300,105
400,121
600,114
600,105
600,105
300,97
900,105
400,105
1100,97
500,97
500,113
300,105
300,105
300,113
300,122
300,122
400,122
300,113
500,113
600,105
500,97
500,129
400,105
600,114
600,130
300,97
300,113
300,129
500,113
500,97
600,122
400,129
300,129
400,137
500,114
500,122
300,113
700,121
400,122
400,129
300,105
500,122
500,105
300,114
700,97
400,105
300,114
700,97
500,122
300,105
700,105
500,121
300,121
300,105
400,97
500,105
300,105
400,105
200,113
500,105
400,105
800,89
300,105
300,113
500,129
400,113
600,113
300,81
400,122
400,105
800,129
400,105
400,122
500,122
400,114
600,105
500,114
300,97
800,121
300,121
300,122
500,129
400,105
400,113
500,97
400,97
500,113
300,121
300,105
600,122
300,114
400,105
700,122
300,106
400,130
200,89
300,97
200,105
400,105
600,113
500,129
400,113
300,114
300,129
300,105
900,105
500,122
700,129
200,113
600,122
500,97
400,105
900,105
200,113
600,114
500,105
700,113
400,105
300,105
300,122
800,129
300,97
400,122
400,122
500,114
400,105
300,97
400,113
300,130
500,113
300,97
400,97
600,113
500,105
400,114
400,122
200,97
900,121
500,121
700,106
400,105
200,97
500,113
700,121
700,130
400,105
400,122
500,122
400,105
700,130
400,105
400,105
600,130
700,105
600,137
400,113
600,106
400,129
700,130
600,121
1000,121
300,130
500,130
400,114
300,89
300,105
700,114
500,105
600,113
500,121
400,97
500,97
300,129
400,130
400,130
400,105
500,129
800,105
400,129
400,122
400,137
300,114
200,113
300,105
300,105
500,105
600,130
200,105
700,122
500,122
200,122
400,129
400,105
300,137
300,122
800,122
400,114
300,97
600,129
500,105
600,113
400,97
300,105
800,105
400,113
500,105
600,113
600,130
300,105
400,130
300,113
400,113
200,97
600,122
500,97
2300,105
500,105
200,121
500,105
600,97
400,97
300,105
400,130
300,137
300,113
300,97
400,105
300,130
900,105
400,114
500,121
400,121
600,105
300,121
700,105
700,114
400,122
900,129
500,121
300,113
500,130
300,113
500,113
200,129
300,113
300,105
900,121
400,105
500,121
200,97
1100,129
800,113
400,129
600,105
400,105
500,105
400,122
300,137
700,105
200,105
800,145
500,105
600,81
200,113
600,105
700,113
400,122
800,114
700,122
500,129
500,105
200,105
400,121
500,113
300,105
300,122
300,97
400,113
600,122
200,97
700,129
300,105
500,114
600,113
400,129
800,137
700,122
200,97
400,105
800,105
200,97
500,121
500,129
400,97
400,113
400,105
400,122
500,105
1600,121
300,121
400,122
600,97
500,97
500,122
400,121
400,121
600,105
500,114
600,129
300,122
400,121
400,121
400,105
300,97
600,105
1300,113
200,113
600,129
600,121
200,113
600,105
400,97
400,97
900,122
300,113
600,113
900,105
500,105
400,105
500,129
400,129
300,129
1200,113
500,114
500,97
600,105
600,121
500,137
500,113
500,97
300,114
600,113
100,113
600,113
500,137
600,114
600,122
800,105
300,129
1100,121
600,105
500,122
400,105
200,105
500,113
900,122
600,97
300,105
700,105
600,122
300,105
400,137
400,114
500,122
300,97
500,105
1300,106
600,130
700,105
500,114
500,114
200,97
200,105
300,97
400,113
600,129
600,122
600,121
500,129
600,114
800,113
1000,122
500,113
400,122
600,121
400,114
1100,145
600,121
300,130
600,129
300,113
200,97
400,113
200,105
500,105
200,97
300,122
700,105
600,113
200,97
600,121
400,113
600,105
300,89
700,129
600,113
700,137
600,105
400,121
300,114
600,122
600,105
500,97
400,137
600,97
500,130
300,105
1300,114
600,105
300,105
600,137
900,121
1100,113
300,105
600,114
600,113
200,105
500,105
800,106
600,106
700,105
500,97
300,97
400,114
600,113
300,105
600,113
400,97
300,105
600,89
200,129
700,113
400,105
300,121
200,105
400,130
600,113
300,122
200,129
800,129
800,97
5300,121
900,122
300,130
400,122
500,129
800,121
600,121
500,97
500,138
400,97
500,129
700,105
500,105
500,105
700,130
600,114
500,114
1500,97
300,137
500,122
600,137
400,105
600,113
400,137
400,114
300,130
300,122
400,97
400,105
200,105
500,113
500,129
200,113
600,113
3400,113
400,105
600,97
500,105
500,113
400,114
1100,137
300,97
400,113
600,129
400,129
200,113
500,105
500,113
800,105
400,113
700,130
1100,129
300,121
500,122
500,113
400,113
800,105
400,97
800,114
600,105
300,113
700,113
200,137
400,105
1000,121
500,121
200,105
200,105
500,130
300,130
700,129
300,138
800,89
500,105
400,97
500,113
500,129
200,105
300,113
600,121
400,122
500,113
500,105
1100,121
400,89
600,113
200,105
300,113
400,113
600,129
500,105
600,114
300,114
200,105
300,121
300,137
500,105
400,113
400,114
800,122
600,97
400,114
1400,129
500,122
300,105
500,105
700,105
300,130
400,137
400,121
600,113
300,113
400,105
500,121
300,113
500,97
600,137
300,105
300,129
1200,97
400,137
1100,114
400,105
400,97
300,122
600,97
800,129
200,105
600,114
600,105
500,129
400,122
400,129
500,129
400,105
900,121
3900,113
700,113
700,122
200,130
1200,121
400,105
800,129
200,113
200,105
500,122
400,129
300,89
600,97
200,121
300,130
800,113
500,105
400,137
800,129
600,105
800,137
800,129
1200,114
300,122
600,105
200,130
400,89
300,113
300,121
700,97
800,113
400,114
300,137
200,105
500,105
400,137
600,129
500,105
600,105
500,105
400,105
500,129
400,113
300,121
600,97
700,114
1000,129
400,113
300,130
300,89
400,121
300,121
600,129
300,130
400,105
300,130
400,105
500,105
300,105
500,105
200,105
800,122
200,105
400,105
600,113
400,122
400,97
600,105
1400,129
300,113
300,97
300,121
800,122
600,122
300,137
400,97
500,121
200,137
400,121
500,97
200,113
300,97
700,137
200,105
200,121
3500,121
600,121
200,129
400,97
500,113
200,114
600,122
300,113
600,122
500,121
400,105
500,121
500,122
600,114
400,97
500,97
400,97
1200,105
200,97
400,97
800,129
600,121
300,105
800,121
300,105
600,97
700,114
500,97
600,130
500,89
300,113
300,105
800,105
500,121
2900,121
400,105
300,97
400,113
500,106
700,122
600,130
300,145
500,113
500,129
300,105
200,105
500,114
500,105
500,114
400,105
400,97
1100,129
200,113
500,122
500,130
300,105
200,105
400,130
800,122
500,113
400,129
500,122
200,105
200,105
400,105
500,121
500,121
700,122
1100,145
200,105
300,105
500,113
500,105
900,97
300,89
800,121
200,129
400,122
700,129
400,137
700,105
900,129
600,113
400,105
300,121
1500,121
400,113
300,97
300,105
400,129
200,129
300,97
400,105
500,113
300,113
700,122
500,114
700,121
300,122
400,105
500,122
400,105
1200,137
300,97
500,113
400,114
200,114
900,114
400,121
600,105
500,105
400,129
500,105
500,105
200,97
400,97
300,105
600,122
300,105
1300,114
300,122
500,105
600,113
1000,113
300,113
600,130
200,97
500,122
400,129
500,105
300,114
600,97
900,122
400,105
200,97
300,121
500,122
400,113
300,97
500,113
300,122
500,113
600,129
400,113
500,129
500,113
500,137
600,105
300,121
1000,130
200,97
500,130
500,129
500,113
500,113
600,138
300,121
300,122
400,122
200,122
500,113
600,121
500,97
500,129
200,105
900,97
700,113
400,105
500,105
300,122
1200,105
500,122
400,130
400,113
400,129
500,105
200,122
400,105
500,113
400,122
400,114
300,121
200,113
400,113
200,113
600,122
300,129
1300,130
500,137
300,105
900,105
400,113
400,113
200,137
600,97
200,97
800,113
500,113
600,105
500,121
600,97
200,114
400,114
300,97
1100,113
600,113
400,105
800,121
300,121
300,105
500,122
300,105
600,129
400,121
200,121
300,113
400,129
700,105
400,105
300,121
600,129
1200,97
600,105
500,138
300,137
1100,121
400,97
200,114
600,129
500,105
400,113
500,121
300,105
500,105
500,122
300,122
300,129
400,121
1400,113
700,129
600,129
500,97
400,138
400,121
600,129
500,114
400,129
700,121
600,137
1000,114
400,122
500,97
400,121
600,121
500,97
300,122
1100,97
300,130
400,129
400,122
400,105
200,113
400,121
600,105
300,113
800,113
200,145
400,97
400,137
400,105
600,129
200,105
1100,122
400,105
400,129
600,129
400,105
400,97
200,105
700,129
200,113
900,122
400,105
500,138
300,97
300,105
200,113
300,97
400,105
1400,105
300,97
600,105
600,129
500,113
500,114
500,121
200,121
500,137
500,121
200,105
400,97
300,121
500,113
400,129
600,129
700,122
1200,130
300,114
800,105
700,129
900,113
500,105
200,129
300,113
500,113
500,130
300,105
300,105
400,121
600,137
400,122
600,97
300,122
1100,113
500,113
900,122
200,113
300,113
500,130
500,114
400,122
700,114
500,105
700,114
600,105
700,130
500,97
500,137
200,130
600,130
1300,122
200,97
300,113
500,122
300,97
500,113
300,113
200,105
300,129
500,137
500,113
700,114
700,113
600,129
300,129
400,105
300,113
1100,97
300,105
300,129
400,105
200,129
400,121
400,121
800,129
600,105
400,121
400,105
900,105
200,129
400,121
200,105
500,97
400,113
1000,121
300,114
400,89
300,97
300,121
500,105
600,105
500,105
700,113
400,121
400,113
500,113
400,138
500,137
500,105
300,113
300,130
1700,97
500,105
900,129
300,122
700,129
800,137
400,113
500,105
500,130
700,105
600,121
400,113
300,137
300,105
300,97
500,114
300,97
600,129
400,113
600,130
700,122
400,105
800,129
500,130
200,113
600,129
500,129
600,105
700,105
500,105
400,137
500,105
400,121
400,114
300,113
600,97
700,122
600,130
400,113
500,114
600,105
300,113
500,129
900,130
700,121
300,129
400,97
700,114
500,113
500,137
500,121
600,114
600,121
900,137
400,129
300,113
400,105
200,89
700,129
500,113
200,121
400,113
400,97
500,137
500,105
700,130
500,105
500,97
500,105
500,137
2900,122
300,113
300,114
700,113
600,105
800,122
200,105
500,121
300,122
500,97
600,113
600,105
1000,113
700,129
800,129
800,122
600,129
700,105
400,129
1100,122
400,122
600,138
900,121
600,113
700,97
600,113
600,105
1100,89
800,122
400,137
700,105
400,105
500,105
600,105
600,130
800,114
600,137
500,113
500,105
700,121
700,130
300,121
800,113
500,114
500,114
500,137
400,113
500,121
400,113
700,122
600,105
2800,122
600,97
1000,105
800,113
700,121
400,105
700,130
700,121
500,113
500,129
700,114
500,138
500,105
400,113
400,97
2400,121
600,138
200,130
700,113
700,114
700,114
1100,105
800,113
600,129
400,97
700,122
400,97
400,122
500,113
800,121
500,129
500,105
400,121
500,105
600,137
500,105
400,97
500,105
700,129
500,129
700,121
500,97
500,113
700,130
800,129
400,105
400,121
600,105
500,113
1100,129
300,97
800,145
800,97
800,114
600,130
500,113
300,113
600,105
400,129
400,129
600,113
400,97
500,121
600,114
700,130
700,105
1300,105
800,97
600,105
300,105
600,113
600,113
400,121
800,105
400,97
700,97
500,97
500,137
600,122
600,122
500,129
400,130
400,113
1500,122
400,105
500,105
400,129
500,113
600,105
600,105
400,105
600,97
400,129
400,97
600,137
600,113
500,121
200,130
700,121
300,105
1100,113
600,105
600,129
400,122
200,97
900,113
400,122
400,105
600,121
400,105
500,97
600,105
400,113
400,105
300,105
600,121
1000,145
400,122
400,122
400,113
400,97
700,129
500,114
1000,113
400,137
600,105
300,114
500,105
600,137
300,105
600,97
600,105
700,121
500,113
500,105
600,129
500,105
300,122
200,105
500,122
500,97
600,113
500,105
400,113
600,129
700,137
500,114
800,122
500,129
500,122
500,105
1400,130
200,122
300,122
800,129
700,130
600,113
500,113
700,113
500,122
500,97
600,129
900,105
500,137
700,114
400,121
400,106
500,105
1100,97
1000,113
300,105
400,105
600,114
700,129
200,121
600,129
800,129
900,114
200,113
500,105
200,97
500,97
800,129
600,122
600,113
2000,137
600,122
500,114
700,114
400,105
300,114
400,113
500,113
500,122
500,121
600,129
300,89
500,114
200,129
500,113
800,129
700,113
4300,106
700,122
600,113
700,113
600,113
500,130
500,97
300,113
600,129
500,105
600,121
1000,121
400,121
700,105
300,121
400,89
500,105
500,121
500,113
700,137
300,145
400,138
400,89
500,122
200,130
300,97
200,121
700,121
800,105
300,105
300,105
500,121
300,122
400,105
1300,105
600,121
800,113
500,130
400,105
600,97
400,122
600,113
300,113
200,145
500,105
800,113
400,113
400,105
500,121
300,129
300,97
3700,105
400,113
300,113
200,97
600,121
300,105
200,113
400,106
300,113
800,114
500,113
700,129
400,130
300,113
300,138
400,114
600,130
1300,129
500,105
600,122
Finding:
11000,2
1200,5
600,9
200,6
100,3
200,4
600,15
200,6
200,3
300,9
300,8
400,9
200,5
200,5
200,7
200,7
300,10
300,8
300,8
400,14
100,5
700,14
200,8
300,9
200,6
200,6
300,10
300,10
100,5
300,8
200,8
500,13
400,12
500,13
300,9
200,7
400,12
300,9
400,9
300,8
200,8
300,10
300,8
300,10
400,13
200,8
400,12
300,11
500,16
300,8
300,10
300,10
600,13
300,8
500,13
300,10
200,8
200,7
300,9
300,10
800,15
300,11
300,7
300,10
800,14
400,11
500,14
300,10
600,14
300,10
300,11
300,9
500,11
200,6
300,10
400,13
300,6
200,6
200,8
200,4
200,8
300,11
600,14
400,12
800,13
400,10
600,10
300,13
400,13
600,14
300,9
400,12
400,10
400,12
200,7
300,7
300,7
200,7
200,8
400,12
Deleting:
7200,99
2700,107
1700,119
1700,122
1400,116
1300,108
1100,106
1700,122
1200,109
4300,101
1600,111
1900,112
1200,116
1400,116
1600,114
1900,105
1500,111
1500,111
2100,113
5900,98
1800,107
1700,116
1200,104
1200,103
2300,113
1400,122
1700,118
1300,100
1700,105
1800,129
1900,113
1600,99
1400,107
1500,108
1800,112
1500,105
1500,116
1600,112
12700,128
2400,120
2300,113
1500,127
1500,120
1400,127
1900,117
1700,120
1400,116
1300,108
1300,114
1800,113
1800,120
1400,111
1000,90
1400,104
900,97
1500,109
1000,95
2100,121
1600,112
1400,102
1300,106
1300,101
1800,114
1200,111
1200,114
1400,101
1000,105
2200,111
1100,105
1500,109
1200,92
1700,119
1800,101
1600,122
1600,111
1400,122
1500,113
1700,115
1600,122
1700,117
1400,111
2200,110
1700,116
1700,109
1600,108
2100,111
1800,116
1300,115
1400,108
1300,107
1700,112
1400,109
2000,127
1300,114
1700,114
1700,119
1700,130
1800,130
1600,104
1400,109
1400,100
1700,117
1200,108
1200,97
1700,113
1600,97
1800,105
1200,103
1100,117
2100,123
1800,117
1000,106
1300,125
1600,120
1400,98
1600,103
1700,129
1200,104
1600,113
1400,109
1700,108
1400,127
1100,106
2200,117
1100,97
1700,96
1600,104
2300,110
1500,116
1300,99
1700,114
1100,100
1300,109
1500,109
1700,105
1400,108
1400,114
1600,129
1200,115
2100,126
1300,111
1300,100
2000,104
1500,102
1700,123
1800,102
1700,118
1500,115
2200,110
1800,112
1600,130
1400,116
2200,101
2800,115
2100,126
2400,109
1300,107
1900,109
1700,105
1800,115
1100,97
1500,113
1300,111
2100,120
1900,116
2000,120
1800,111
1500,107
2100,104
1600,107
1800,110
1800,100
2200,115
1700,103
2500,109
1400,106
1000,99
1700,104
1900,123
1700,110
2600,104
2200,118
2900,113
32200,111
600,116
700,115
1400,117
1400,108
1000,102
1300,121
800,112
1400,118
1000,112
700,108
800,113
900,105
600,114
1300,102
400,109
800,111
1000,117
1000,112
900,97
1000,114
900,111
800,103
600,100
600,105
700,98
700,116
700,106
1000,111
600,116
600,115
1100,116
1100,108
1200,100
700,107
1000,106
700,109
700,103
600,125
1000,111
1100,111
1200,101
900,117
1200,105
900,122
1100,101
1400,112
600,91
1100,120
800,103
800,108
1100,119
600,99
1100,119
1300,107
1300,106
800,110
1300,120
700,109
1200,103
600,115
800,106
800,100
700,119
500,110
900,107
800,118
1200,103
1500,110
1000,110
800,108
600,114
5500,125
1100,101
900,98
700,105
1000,103
400,111
700,106
1500,122
1100,109
1100,128
1200,113
800,109
1200,106
800,116
1000,126
700,106
900,101
1300,105
1200,126
1500,126
1000,107
1500,105
1400,125
1600,102
500,106
1300,110
600,106
1000,112
1100,112
1100,110
1400,109
1100,106
1800,122
1600,110
600,97
500,101
2000,102
1000,106
1300,112
1400,104
600,106
1500,110
800,101
500,90
1300,118
1300,128
1000,115
800,92
1300,123
1100,106
1400,99
1100,114
700,105
1200,125
600,99
1200,111
900,122
1300,110
600,121
1100,102
1400,107
1000,112
1100,112
1200,106
1100,107
600,106
1100,110
700,93
1100,105
1200,98
1000,107
1100,111
1500,119
1200,109
1000,99
900,116
1500,111
500,97
800,108
900,107
1400,108
400,98
1100,110
1100,127
900,117
1100,117
1300,112
1400,126
800,116
2300,121
1200,100
1200,116
600,103
1700,111
800,109
1300,104
900,100
1300,116
1000,101
1200,122
1200,109
1000,123
900,116
1100,118
1000,100
1400,121
800,110
700,109
1100,126
1100,116
600,115
400,106
1000,100
800,108
900,112
900,108
25300,111
11400,121
1800,121
1700,118
1600,127
1700,102
900,107
800,107
500,106
900,98
1100,109
1400,127
700,93
1200,111
1300,120
900,110
1100,113
1000,101
800,106
1200,102
1300,122
1100,102
1400,113
1000,101
1200,119
1200,124
900,116
900,92
800,114
1100,110
1200,106
800,105
900,125
1000,117
600,105
1200,110
1000,114
1000,116
900,116
1400,106
1100,121
1000,125
1200,109
700,97
1500,104
900,106
1100,117
1200,119
1000,98
2300,105
1200,102
1400,103
1100,113
1600,112
700,114
900,110
1500,109
1200,107
1200,108
3200,125
1500,126
1300,101
1400,97
900,101
900,108
1000,117
1000,113
800,99
1000,100
1000,115
1300,101
900,115
1200,111
1100,124
1400,127
900,103
900,118
900,96
800,110
800,107
700,113
1000,110
1400,130
1200,116
600,107
1100,116
700,107
700,118
500,106
1000,121
600,101
1500,118
1000,111
1000,121
900,117
800,114
1200,112
800,101
900,98
800,98
800,97
600,106
700,101
900,95
800,105
700,105
700,105
900,102
700,119
1600,112
500,117
600,109
600,101
1000,116
1000,108
700,98
500,99
900,103
800,107
800,116
800,106
700,113
300,106
700,105
1000,118
1100,104
2300,102
900,115
700,116
1300,101
1000,114
1000,119
600,110
800,109
600,106
900,120
500,108
800,127
700,91
600,109
500,107
1100,117
600,114
600,102
500,116
1400,115
500,108
800,101
800,97
800,126
900,102
800,108
600,99
700,111
1000,121
700,110
400,113
1300,113
700,118
1300,121
400,97
800,100
1000,117
1200,109
1700,117
1100,99
1000,134
900,120
800,109
400,106
500,114
1000,106
700,100
1000,99
600,107
900,105
600,118
800,97
700,106
600,102
1000,100
800,107
700,111
900,108
600,114
600,97
1000,99
1000,114
600,116
800,114
1300,107
700,97
500,109
500,109
700,106
1100,99
800,111
900,112
600,107
1100,119
600,100
700,118
200,90
1200,100
1200,130
1000,123
600,115
800,114
600,108
900,119
1100,99
500,107
1100,127
1300,116
700,108
900,118
1200,125
300,105
600,99
800,116
700,109
900,107
600,100
500,92
300,106
600,109
500,100
800,109
1100,103
700,110
700,93
700,97
900,106
600,113
500,105
800,100
900,107
1100,120
1000,118
300,98
300,119
700,110
1000,101
1300,111
600,110
600,97
700,102
400,113
1100,109
400,107
800,108
500,106
700,118
600,106
600,103
1200,110
1000,105
1100,107
600,103
700,108
500,90
500,103
600,101
400,114
600,100
500,92
500,121
800,119
800,114
600,114
600,100
600,107
700,98
1000,131
700,107
1000,110
500,108
600,109
600,105
900,109
1600,116
1200,111
500,99
600,132
500,91
700,106
900,117
400,98
1100,127
500,90
900,110
700,108
500,93
700,100
800,105
900,125
700,126
600,90
900,120
1100,108
600,98
800,118
1200,119
900,127
300,93
800,121
500,108
500,106
700,110
800,117
800,94
500,108
700,103
600,112
1100,119
700,105
800,110
500,105
900,105
400,102
300,111
800,100
700,116
900,106
700,110
500,100
800,107
200,101
600,108
800,108
700,108
1000,123
800,110
200,98
400,107
500,112
800,119
1100,108
1100,109
800,117
1200,103
600,113
500,109
900,104
800,93
500,109
300,112
700,107
900,119
1300,116
900,100
1100,115
800,119
400,105
1500,107
400,106
500,91
900,124
1900,116
600,98
500,92
700,100
700,102
800,118
300,115
500,115
500,114
600,105
400,106
700,100
600,108
700,108
800,101
700,108
400,99
500,114
900,106
800,116
300,110
700,111
600,105
600,106
400,105
800,113
900,124
400,97
700,112
700,109
800,106
400,118
700,115
1100,101
300,97
1100,107
800,110
600,110
1000,115
800,108
600,119
700,92
800,102
700,117
300,109
500,110
1000,107
800,98
700,117
900,95
500,116
700,129
200,98
800,108
700,115
600,117
700,105
600,107
400,114
900,116
800,118
900,118
900,119
900,107
1100,101
500,108
700,113
900,105
500,124
1300,108
600,106
600,100
900,116
400,98
700,102
900,101
600,103
900,112
1200,117
700,115
400,108
900,113
1000,111
900,101
500,98
1000,91
900,102
500,98
600,116
1000,108
600,92
600,103
700,98
900,109
300,91
1000,119
1100,119
300,99
700,101
800,117
700,109
1500,110
800,108
500,102
800,113
500,98
1100,118
900,108
800,97
200,103
500,100
700,106
600,111
500,100
800,107
1100,122
700,100
700,103
900,121
500,109
600,100
400,103
1000,100
900,113
4500,118
600,100
900,119
900,117
400,106
800,117
600,117
900,107
700,127
700,109
1000,107
400,102
700,105
400,110
900,116
600,110
500,106
700,101
700,93
800,110
500,109
700,107
400,117
700,116
700,107
300,114
800,118
900,117
700,106
12400,110
700,98
1200,127
400,116
1000,106
1200,100
1500,107
500,117
900,101
900,119
400,105
500,105
900,124
1100,129
1100,113
1000,123
800,106
900,105
400,118
400,99
1100,109
800,108
900,111
500,115
800,105
600,101
600,90
1000,122
700,117
400,113
700,103
600,100
300,99
700,118
600,108
400,93
800,116
700,98
800,100
600,107
800,102
600,111
600,108
900,133
500,99
500,105
600,118
800,94
600,105
400,109
600,97
300,99
900,98
700,108
700,111
700,119
1000,102
700,99
1000,108
700,110
500,91
600,113
800,106
600,97
400,99
900,116
400,111
800,100
600,121
500,116
400,107
700,121
700,117
600,114
400,116
1000,110
600,105
1700,116
500,93
700,92
800,115
500,107
900,89
700,114
400,108
800,109
500,108
400,105
700,93
400,116
1100,106
300,90
500,98
900,98
800,106
900,125
600,98
900,123
600,101
700,120
1200,118
900,109
400,105
700,109
800,108
1200,124
800,109
600,115
800,115
600,105
600,116
500,116
600,113
800,111
700,113
600,105
500,103
500,106
